       * /home/tiw.rahul45/esim-workspace/logicwithsram/logicwithsram.cir
       Transient Analysis  Sun Oct  9 02:18:41  2022
--------------------------------------------------------------------------------
Index   time            a5#branch_1_0   v.x11.v1#branch v.x12.v1#branch 
--------------------------------------------------------------------------------
0	0.000000e+00	0.000000e+00	-4.93851e-11	-1.95636e-12	
1	5.000000e-11	0.000000e+00	-7.24812e-07	-1.23194e-07	
2	1.000000e-10	0.000000e+00	-8.38870e-07	-1.04986e-07	
3	2.000000e-10	0.000000e+00	-9.93464e-07	-7.41613e-08	
4	4.000000e-10	0.000000e+00	-1.17891e-06	-3.65746e-08	
5	8.000000e-10	0.000000e+00	-1.35986e-06	5.830279e-10	
6	1.600000e-09	0.000000e+00	-1.37839e-06	8.959847e-09	
7	2.443205e-09	0.000000e+00	-1.31156e-06	5.964737e-09	
8	2.895561e-09	0.000000e+00	-1.22385e-06	7.263985e-09	
9	3.384990e-09	0.000000e+00	-1.11303e-06	7.429771e-09	
10	3.676953e-09	0.000000e+00	-1.07278e-06	3.213011e-09	
11	3.902786e-09	0.000000e+00	-1.09710e-06	3.168539e-10	
12	4.081664e-09	0.000000e+00	-9.60987e-07	1.477965e-08	
13	4.237185e-09	0.000000e+00	-5.94562e-07	4.158981e-08	
14	4.412265e-09	0.000000e+00	1.528567e-07	7.515065e-08	
15	4.443205e-09	0.000000e+00	3.402383e-07	8.645857e-08	
16	4.461318e-09	0.000000e+00	4.370938e-07	8.701148e-08	
17	4.497544e-09	0.000000e+00	6.458265e-07	1.120466e-07	
18	4.569995e-09	0.000000e+00	1.279267e-06	1.249439e-07	
19	4.673734e-09	0.000000e+00	2.340117e-06	1.942557e-07	
20	4.781313e-09	0.000000e+00	4.290560e-06	3.171077e-07	
21	4.903207e-09	0.000000e+00	7.123814e-06	5.207888e-07	
22	5.000000e-09	0.000000e+00	9.310354e-06	6.318005e-07	
23	5.015719e-09	0.000000e+00	1.006481e-05	7.753987e-07	
24	5.047158e-09	0.000000e+00	1.027522e-05	6.942082e-07	
25	5.110035e-09	0.000000e+00	1.063017e-05	6.936297e-07	
26	5.235790e-09	0.000000e+00	1.033712e-05	7.915353e-07	
27	5.398564e-09	0.000000e+00	8.339119e-06	9.911321e-07	
28	5.443205e-09	0.000000e+00	7.944291e-06	6.453231e-07	
29	5.464809e-09	0.000000e+00	7.489339e-06	4.909286e-07	
30	5.508016e-09	0.000000e+00	6.565398e-06	-1.13304e-07	
31	5.594430e-09	0.000000e+00	4.851978e-06	-1.91377e-06	
32	5.707897e-09	0.000000e+00	3.075688e-06	-5.48197e-06	
33	5.817265e-09	0.000000e+00	1.422042e-06	-8.75442e-06	
34	5.941257e-09	0.000000e+00	1.407967e-06	-1.28289e-05	
35	5.995421e-09	0.000000e+00	2.954323e-07	-2.66884e-05	
36	6.050649e-09	0.000000e+00	1.529367e-07	-1.64214e-05	
37	6.117953e-09	0.000000e+00	1.073913e-06	-2.44953e-05	
38	6.192209e-09	0.000000e+00	9.456019e-07	-1.34049e-05	
39	6.266490e-09	0.000000e+00	1.551276e-06	-1.53602e-05	
40	6.342750e-09	0.000000e+00	6.032477e-07	-4.09596e-06	
41	6.418532e-09	0.000000e+00	1.219365e-06	-7.06765e-06	
42	6.549450e-09	0.000000e+00	3.858716e-07	2.116639e-06	
43	6.686428e-09	0.000000e+00	8.589083e-07	-3.50466e-06	
44	6.883433e-09	0.000000e+00	-2.56143e-08	3.129103e-06	
45	7.126137e-09	0.000000e+00	4.740636e-07	-3.23262e-06	
46	7.611544e-09	0.000000e+00	-3.06777e-07	3.197405e-06	
47	8.190404e-09	0.000000e+00	3.299498e-07	-3.20244e-06	
48	8.266490e-09	0.000000e+00	-3.22901e-07	3.205492e-06	
49	8.359530e-09	0.000000e+00	8.063132e-10	-7.95291e-10	
50	8.545610e-09	0.000000e+00	1.791019e-09	4.754689e-10	
51	8.917769e-09	0.000000e+00	4.992826e-11	-6.11622e-10	
52	9.266490e-09	0.000000e+00	1.226900e-09	5.533871e-10	
53	9.340922e-09	0.000000e+00	5.295121e-10	-1.97913e-11	
54	9.489786e-09	0.000000e+00	4.860431e-10	-1.60235e-11	

Index   time            a5#branch_1_0   v.x11.v1#branch v.x12.v1#branch 
--------------------------------------------------------------------------------
55	9.787513e-09	0.000000e+00	4.138316e-10	-1.27729e-11	
56	1.038297e-08	0.000000e+00	3.137200e-10	-8.25235e-12	
57	1.157388e-08	0.000000e+00	1.956928e-10	-5.28429e-12	
58	1.395570e-08	0.000000e+00	9.142725e-11	-2.74045e-12	
59	1.871934e-08	0.000000e+00	3.186433e-11	-2.15133e-12	
60	2.824663e-08	0.000000e+00	7.056369e-12	-1.78806e-12	
61	4.730120e-08	0.000000e+00	5.319412e-13	-1.92977e-12	
62	6.730120e-08	0.000000e+00	-1.01481e-12	-1.76567e-12	
63	8.730120e-08	0.000000e+00	-1.26565e-12	-1.92090e-12	
64	1.050000e-07	0.000000e+00	-1.70885e-12	-1.76964e-12	
65	1.051948e-07	0.000000e+00	1.402662e-07	2.226640e-08	
66	1.055844e-07	0.000000e+00	5.229754e-08	-2.20253e-08	
67	1.061580e-07	0.000000e+00	5.163516e-08	1.118454e-08	
68	1.067393e-07	0.000000e+00	7.949691e-08	-3.17662e-09	
69	1.073362e-07	0.000000e+00	1.285259e-07	6.807364e-09	
70	1.080352e-07	0.000000e+00	8.406525e-08	-9.05367e-09	
71	1.086839e-07	0.000000e+00	2.748540e-08	4.312198e-10	
72	1.094686e-07	0.000000e+00	6.232128e-09	-2.44729e-09	
73	1.100000e-07	0.000000e+00	9.444334e-09	2.235986e-09	
74	1.100973e-07	0.000000e+00	-5.32189e-10	-1.47748e-09	
75	1.102920e-07	0.000000e+00	2.271976e-11	1.204108e-10	
76	1.106814e-07	0.000000e+00	-2.39504e-10	-8.88163e-11	
77	1.114601e-07	0.000000e+00	-4.42166e-11	7.214614e-11	
78	1.130175e-07	0.000000e+00	-2.14466e-10	-7.02325e-11	
79	1.161323e-07	0.000000e+00	-4.72921e-11	6.411286e-11	
80	1.223620e-07	0.000000e+00	-1.97185e-10	-6.64519e-11	
81	1.348214e-07	0.000000e+00	-2.75804e-11	6.229235e-11	
82	1.548214e-07	0.000000e+00	-1.65392e-10	-6.55230e-11	
83	1.748214e-07	0.000000e+00	8.354040e-13	6.153471e-11	
84	1.948214e-07	0.000000e+00	-1.42615e-10	-6.48039e-11	
85	1.950000e-07	0.000000e+00	-2.15546e-11	3.374158e-11	
86	1.952756e-07	0.000000e+00	-5.52454e-11	1.335575e-12	
87	1.958269e-07	0.000000e+00	-7.38313e-11	-5.63641e-12	
88	1.967616e-07	0.000000e+00	-5.74250e-11	2.030894e-12	
89	1.986309e-07	0.000000e+00	-7.27307e-11	-5.69947e-12	
90	2.000000e-07	0.000000e+00	-5.63800e-11	2.052832e-12	
91	2.003739e-07	0.000000e+00	-6.39722e-11	-1.81857e-12	
92	2.011216e-07	0.000000e+00	-6.38945e-11	-1.85730e-12	
93	2.026171e-07	0.000000e+00	-6.31217e-11	-1.79614e-12	
94	2.056081e-07	0.000000e+00	-6.21803e-11	-1.86462e-12	
95	2.115900e-07	0.000000e+00	-5.98534e-11	-1.79498e-12	
96	2.235538e-07	0.000000e+00	-5.61338e-11	-1.86813e-12	
97	2.435538e-07	0.000000e+00	-5.04069e-11	-1.79801e-12	
98	2.550000e-07	0.000000e+00	-4.78718e-11	-1.87161e-12	
99	2.555000e-07	0.000000e+00	-4.76723e-11	-1.83374e-12	
100	2.565000e-07	0.000000e+00	-4.74387e-11	-1.83538e-12	
101	2.585000e-07	0.000000e+00	-4.70070e-11	-1.83548e-12	
102	2.600000e-07	0.000000e+00	-4.66722e-11	-1.83487e-12	
103	2.604000e-07	0.000000e+00	-4.65920e-11	-1.83579e-12	
104	2.605000e-07	0.000000e+00	-4.65675e-11	-1.83487e-12	
105	2.605800e-07	0.000000e+00	-4.65523e-11	-1.83556e-12	
106	2.607400e-07	0.000000e+00	-4.65174e-11	-1.83533e-12	
107	2.610600e-07	0.000000e+00	-4.64495e-11	-1.83565e-12	
108	2.615000e-07	0.000000e+00	-4.63550e-11	-1.83540e-12	
109	2.615640e-07	0.000000e+00	-4.63420e-11	-1.83559e-12	
110	2.616920e-07	0.000000e+00	-4.63143e-11	-1.83546e-12	
111	2.619480e-07	0.000000e+00	-4.62604e-11	-1.83566e-12	
112	2.624600e-07	0.000000e+00	-4.61516e-11	-1.83551e-12	

Index   time            a5#branch_1_0   v.x11.v1#branch v.x12.v1#branch 
--------------------------------------------------------------------------------
113	2.634840e-07	0.000000e+00	-4.59369e-11	-1.83575e-12	
114	2.655320e-07	0.000000e+00	-4.55117e-11	-1.83570e-12	
115	2.696280e-07	0.000000e+00	-4.46850e-11	-1.83617e-12	
116	2.778200e-07	0.000000e+00	-4.31133e-11	-1.83644e-12	
117	2.942040e-07	0.000000e+00	-4.02689e-11	-1.83751e-12	
118	3.142040e-07	0.000000e+00	-3.72561e-11	-1.83815e-12	
119	3.342040e-07	0.000000e+00	-3.46541e-11	-1.83902e-12	
120	3.542040e-07	0.000000e+00	-3.23870e-11	-1.83937e-12	
121	3.742040e-07	0.000000e+00	-3.03958e-11	-1.84003e-12	
122	3.942040e-07	0.000000e+00	-2.86349e-11	-1.84021e-12	
123	4.142040e-07	0.000000e+00	-2.70675e-11	-1.84073e-12	
124	4.342040e-07	0.000000e+00	-2.56647e-11	-1.84082e-12	
125	4.542040e-07	0.000000e+00	-2.44022e-11	-1.84125e-12	
126	4.550000e-07	0.000000e+00	-2.43558e-11	-1.84119e-12	
127	4.550578e-07	0.000000e+00	5.471273e-08	1.315546e-08	
128	4.551735e-07	0.000000e+00	5.517253e-08	3.561199e-09	
129	4.554048e-07	0.000000e+00	6.023075e-08	1.758220e-10	
130	4.558675e-07	0.000000e+00	7.907435e-08	1.980133e-09	
131	4.566738e-07	0.000000e+00	8.476573e-08	-1.25006e-09	
132	4.572203e-07	0.000000e+00	-8.57767e-07	-9.46413e-08	
133	4.575905e-07	0.000000e+00	-1.70538e-06	-1.91753e-07	
134	4.579996e-07	0.000000e+00	-2.35355e-06	-4.48101e-07	
135	4.583558e-07	0.000000e+00	-4.91499e-06	-1.94549e-06	
136	4.585371e-07	0.000000e+00	-1.01183e-05	-9.71070e-07	
137	4.587021e-07	0.000000e+00	-9.77593e-06	4.040439e-06	
138	4.588787e-07	0.000000e+00	-1.54784e-05	7.822534e-06	
139	4.590674e-07	0.000000e+00	-1.59649e-05	1.089789e-05	
140	4.592443e-07	0.000000e+00	-1.96110e-05	1.062044e-05	
141	4.594674e-07	0.000000e+00	-1.85591e-05	4.517540e-06	
142	4.596170e-07	0.000000e+00	-2.05167e-05	-2.00837e-06	
143	4.597735e-07	0.000000e+00	-1.69158e-05	6.474338e-06	
144	4.598991e-07	0.000000e+00	-1.50474e-05	-1.21349e-06	
145	4.600000e-07	0.000000e+00	-1.11237e-05	4.810920e-06	
146	4.600133e-07	0.000000e+00	-1.18796e-05	1.794271e-06	
147	4.600400e-07	0.000000e+00	-1.13688e-05	1.543564e-06	
148	4.600933e-07	0.000000e+00	-1.00346e-05	1.401925e-06	
149	4.601999e-07	0.000000e+00	-7.65972e-06	1.100502e-06	
150	4.604131e-07	0.000000e+00	-4.05393e-06	6.207409e-07	
151	4.607528e-07	0.000000e+00	-1.21907e-06	1.790296e-07	
152	4.611259e-07	0.000000e+00	-2.89955e-07	4.454814e-08	
153	4.615958e-07	0.000000e+00	-4.31005e-08	2.857350e-09	
154	4.616170e-07	0.000000e+00	-3.74647e-08	5.425892e-09	
155	4.616596e-07	0.000000e+00	-3.25329e-08	4.402889e-09	
156	4.617446e-07	0.000000e+00	-2.48574e-08	3.300732e-09	
157	4.619148e-07	0.000000e+00	-1.42595e-08	1.926676e-09	
158	4.622551e-07	0.000000e+00	-4.30798e-09	5.498189e-10	
159	4.626170e-07	0.000000e+00	-1.16734e-09	1.670830e-10	
160	4.626851e-07	0.000000e+00	-9.75598e-10	1.267825e-10	
161	4.628212e-07	0.000000e+00	-6.40145e-10	7.874003e-11	
162	4.630935e-07	0.000000e+00	-2.61097e-10	3.231375e-11	
163	4.636380e-07	0.000000e+00	-2.85443e-11	-2.81114e-13	
164	4.647270e-07	0.000000e+00	4.648485e-12	-1.47169e-12	
165	4.669051e-07	0.000000e+00	-5.83877e-12	-2.71483e-12	
166	4.712613e-07	0.000000e+00	1.429829e-12	-1.11949e-12	
167	4.799736e-07	0.000000e+00	-4.82857e-12	-2.82282e-12	
168	4.973983e-07	0.000000e+00	1.017189e-12	-1.07703e-12	
169	5.000000e-07	0.000000e+00	-4.05103e-12	-2.89819e-12	
170	5.005000e-07	0.000000e+00	-2.23233e-12	-1.93044e-12	

Index   time            a5#branch_1_0   v.x11.v1#branch v.x12.v1#branch 
--------------------------------------------------------------------------------
171	5.015000e-07	0.000000e+00	-1.74705e-12	-1.94688e-12	
172	5.035000e-07	0.000000e+00	-1.90310e-12	-1.97018e-12	
173	5.050000e-07	0.000000e+00	-1.80757e-12	-1.94014e-12	
174	5.054000e-07	0.000000e+00	-1.83600e-12	-1.95678e-12	
175	5.055000e-07	0.000000e+00	-1.83862e-12	-1.95731e-12	
176	5.055800e-07	0.000000e+00	-1.83933e-12	-1.95690e-12	
177	5.057400e-07	0.000000e+00	-1.84089e-12	-1.95667e-12	
178	5.060600e-07	0.000000e+00	-1.84256e-12	-1.95653e-12	
179	5.065000e-07	0.000000e+00	-1.84320e-12	-1.95639e-12	
180	5.065640e-07	0.000000e+00	-1.84321e-12	-1.95638e-12	
181	5.066920e-07	0.000000e+00	-1.84325e-12	-1.95638e-12	
182	5.069480e-07	0.000000e+00	-1.84330e-12	-1.95641e-12	
183	5.074600e-07	0.000000e+00	-1.84335e-12	-1.95637e-12	
184	5.084840e-07	0.000000e+00	-1.84334e-12	-1.95640e-12	
185	5.105320e-07	0.000000e+00	-1.84336e-12	-1.95639e-12	
186	5.146280e-07	0.000000e+00	-1.84338e-12	-1.95637e-12	
187	5.228200e-07	0.000000e+00	-1.84335e-12	-1.95638e-12	
188	5.392040e-07	0.000000e+00	-1.84335e-12	-1.95638e-12	
189	5.592040e-07	0.000000e+00	-1.84339e-12	-1.95639e-12	
190	5.792040e-07	0.000000e+00	-1.84338e-12	-1.95637e-12	
191	5.992040e-07	0.000000e+00	-1.84339e-12	-1.95639e-12	
192	6.192040e-07	0.000000e+00	-1.84338e-12	-1.95637e-12	
193	6.392040e-07	0.000000e+00	-1.84339e-12	-1.95639e-12	
194	6.592040e-07	0.000000e+00	-1.84338e-12	-1.95637e-12	
195	6.792040e-07	0.000000e+00	-1.84339e-12	-1.95639e-12	
196	6.992040e-07	0.000000e+00	-1.84338e-12	-1.95637e-12	
197	7.192040e-07	0.000000e+00	-1.84339e-12	-1.95639e-12	
198	7.392040e-07	0.000000e+00	-1.84338e-12	-1.95637e-12	
199	7.550000e-07	0.000000e+00	-1.84332e-12	-1.95638e-12	
200	7.555000e-07	0.000000e+00	-1.84334e-12	-1.95638e-12	
201	7.565000e-07	0.000000e+00	-1.84334e-12	-1.95638e-12	
202	7.585000e-07	0.000000e+00	-1.84335e-12	-1.95638e-12	
203	7.600000e-07	0.000000e+00	-1.84335e-12	-1.95636e-12	
204	7.604000e-07	0.000000e+00	-1.84335e-12	-1.95638e-12	
205	7.605000e-07	0.000000e+00	-1.84334e-12	-1.95639e-12	
206	7.605800e-07	0.000000e+00	-1.84337e-12	-1.95638e-12	
207	7.607400e-07	0.000000e+00	-1.84340e-12	-1.95638e-12	
208	7.610600e-07	0.000000e+00	-1.84332e-12	-1.95636e-12	
209	7.615000e-07	0.000000e+00	-1.84337e-12	-1.95643e-12	
210	7.615640e-07	0.000000e+00	-1.84336e-12	-1.95635e-12	
211	7.616920e-07	0.000000e+00	-1.84338e-12	-1.95635e-12	
212	7.619480e-07	0.000000e+00	-1.84333e-12	-1.95636e-12	
213	7.624600e-07	0.000000e+00	-1.84335e-12	-1.95637e-12	
214	7.634840e-07	0.000000e+00	-1.84336e-12	-1.95643e-12	
215	7.655320e-07	0.000000e+00	-1.84337e-12	-1.95639e-12	
216	7.696280e-07	0.000000e+00	-1.84335e-12	-1.95637e-12	
217	7.778200e-07	0.000000e+00	-1.84336e-12	-1.95638e-12	
218	7.942040e-07	0.000000e+00	-1.84335e-12	-1.95640e-12	
219	8.142040e-07	0.000000e+00	-1.84338e-12	-1.95637e-12	
220	8.342040e-07	0.000000e+00	-1.84338e-12	-1.95637e-12	
221	8.542040e-07	0.000000e+00	-1.84338e-12	-1.95637e-12	
222	8.742040e-07	0.000000e+00	-1.84338e-12	-1.95637e-12	
223	8.942040e-07	0.000000e+00	-1.84338e-12	-1.95637e-12	
224	9.142040e-07	0.000000e+00	-1.84338e-12	-1.95637e-12	
225	9.342040e-07	0.000000e+00	-1.84338e-12	-1.95637e-12	
226	9.542040e-07	0.000000e+00	-1.84338e-12	-1.95637e-12	
227	9.742040e-07	0.000000e+00	-1.84338e-12	-1.95637e-12	
228	9.942040e-07	0.000000e+00	-1.84338e-12	-1.95637e-12	

Index   time            a5#branch_1_0   v.x11.v1#branch v.x12.v1#branch 
--------------------------------------------------------------------------------
229	1.000000e-06	0.000000e+00	-1.84334e-12	-1.95640e-12	

       * /home/tiw.rahul45/esim-workspace/logicwithsram/logicwithsram.cir
       Transient Analysis  Sun Oct  9 02:18:41  2022
--------------------------------------------------------------------------------
Index   time            v1#branch       v2#branch       v3#branch       
--------------------------------------------------------------------------------
0	0.000000e+00	6.103389e-21	0.000000e+00	-5.60975e-12	
1	5.000000e-11	-1.08360e-07	-3.48168e-06	4.303647e-08	
2	1.000000e-10	-8.34543e-08	-3.47479e-06	5.004201e-08	
3	2.000000e-10	-6.11839e-08	-3.39462e-06	5.941061e-08	
4	4.000000e-10	-5.62042e-08	-3.32566e-06	7.519177e-08	
5	8.000000e-10	2.040118e-08	-3.28951e-06	9.820343e-08	
6	1.600000e-09	2.107928e-07	-4.61263e-06	1.441782e-07	
7	2.443205e-09	-6.91082e-06	-5.22361e-06	6.630688e-07	
8	2.895561e-09	-1.56774e-05	-4.41183e-06	1.013399e-06	
9	3.384990e-09	-2.65773e-05	-6.29877e-06	1.592603e-06	
10	3.676953e-09	-3.40984e-05	-9.28514e-06	7.871557e-07	
11	3.902786e-09	-4.02858e-05	-9.73095e-06	-3.94617e-06	
12	4.081664e-09	-4.50992e-05	-1.08102e-05	-9.60953e-06	
13	4.237185e-09	-4.70778e-05	-9.80059e-06	-1.47265e-05	
14	4.412265e-09	-4.05864e-05	-7.77910e-06	-1.39824e-05	
15	4.443205e-09	-3.76853e-05	-7.69311e-06	-1.62309e-05	
16	4.461318e-09	-3.55595e-05	-8.55602e-06	-1.47778e-05	
17	4.497544e-09	-3.13932e-05	-1.17604e-05	-1.44955e-05	
18	4.569995e-09	-2.31687e-05	-1.20725e-05	-1.45254e-05	
19	4.673734e-09	-1.35416e-05	-1.06407e-05	-1.48421e-05	
20	4.781313e-09	-7.04562e-06	-8.92388e-06	-1.63197e-05	
21	4.903207e-09	-3.48358e-06	-9.89916e-06	-1.87330e-05	
22	5.000000e-09	-1.99571e-06	-8.65640e-06	-1.99570e-05	
23	5.015719e-09	-2.22808e-06	1.493701e-06	-2.05149e-05	
24	5.047158e-09	-1.92381e-06	2.695767e-06	-2.00298e-05	
25	5.110035e-09	-1.47237e-06	3.152720e-06	-1.95444e-05	
26	5.235790e-09	-6.15216e-07	1.569464e-06	-1.85682e-05	
27	5.398564e-09	-1.94077e-08	1.912582e-07	-1.62774e-05	
28	5.443205e-09	-1.73001e-07	4.986674e-07	-1.56104e-05	
29	5.464809e-09	-6.79939e-08	2.732726e-07	-1.51892e-05	
30	5.508016e-09	-3.40678e-08	2.029570e-07	-1.43974e-05	
31	5.594430e-09	-2.49831e-08	1.395034e-07	-1.28203e-05	
32	5.707897e-09	-2.87545e-09	8.081806e-08	-1.07350e-05	
33	5.817265e-09	-1.04485e-08	6.216944e-08	-8.88968e-06	
34	5.941257e-09	3.635991e-09	3.419514e-08	-7.01219e-06	
35	5.995421e-09	-7.81872e-09	3.645563e-08	-6.31270e-06	
36	6.050649e-09	4.624393e-09	2.365496e-08	-5.62290e-06	
37	6.117953e-09	-7.01876e-09	2.634264e-08	-4.90172e-06	
38	6.192209e-09	5.280598e-09	1.416330e-08	-4.16488e-06	
39	6.266490e-09	-6.53425e-09	1.846027e-08	-3.55760e-06	
40	6.342750e-09	5.627560e-09	7.871325e-09	-2.98674e-06	
41	6.418532e-09	-6.27937e-09	1.339568e-08	-2.53424e-06	
42	6.549450e-09	5.866203e-09	2.731054e-09	-1.86014e-06	
43	6.686428e-09	-6.07029e-09	8.434875e-09	-1.36667e-06	
44	6.883433e-09	6.019519e-09	-1.24386e-09	-8.39454e-07	
45	7.126137e-09	-5.96998e-09	5.206944e-09	-4.78924e-07	
46	7.611544e-09	6.049271e-09	-3.64984e-09	-1.16171e-07	
47	8.190404e-09	-6.01627e-09	3.877534e-09	-3.17696e-08	
48	8.266490e-09	6.023826e-09	-3.91811e-09	-9.77424e-09	
49	8.359530e-09	2.649734e-12	-3.26176e-11	-1.54074e-08	
50	8.545610e-09	1.039708e-12	-4.27548e-11	-9.79562e-09	
51	8.917769e-09	-6.75154e-13	-4.35222e-11	-3.73789e-09	
52	9.266490e-09	-1.37395e-12	-4.52389e-11	-1.54569e-09	
53	9.340922e-09	-1.42162e-12	-4.15858e-11	-1.30567e-09	
54	9.489786e-09	-1.53865e-12	-4.13022e-11	-9.11269e-10	

Index   time            v1#branch       v2#branch       v3#branch       
--------------------------------------------------------------------------------
55	9.787513e-09	-1.68177e-12	-3.46558e-11	-4.34313e-10	
56	1.038297e-08	-1.78843e-12	-3.01628e-11	-7.67948e-11	
57	1.157388e-08	-1.81749e-12	-1.71206e-11	6.826713e-12	
58	1.395570e-08	-1.80285e-12	-1.03773e-11	-1.14141e-11	
59	1.871934e-08	-1.81670e-12	-1.86143e-12	-1.64594e-12	
60	2.824663e-08	-1.80346e-12	-2.27936e-12	-8.87446e-12	
61	4.730120e-08	-1.81645e-12	1.176137e-12	-2.65032e-12	
62	6.730120e-08	-1.80363e-12	-1.49492e-12	-8.30215e-12	
63	8.730120e-08	-1.81630e-12	1.337148e-12	-3.16308e-12	
64	1.050000e-07	-1.80364e-12	-1.41777e-12	-7.79965e-12	
65	1.051948e-07	3.698233e-08	1.071305e-05	8.806204e-07	
66	1.055844e-07	3.996535e-08	1.065986e-05	1.390539e-06	
67	1.061580e-07	4.143873e-08	8.618975e-06	5.180436e-07	
68	1.067393e-07	4.611622e-08	4.056006e-06	-6.28501e-07	
69	1.073362e-07	4.893075e-08	5.298051e-06	-1.03942e-06	
70	1.080352e-07	5.631840e-08	4.387722e-06	-6.88263e-07	
71	1.086839e-07	6.258249e-08	4.976853e-06	-2.31951e-07	
72	1.094686e-07	7.648099e-08	2.204133e-06	-2.10753e-08	
73	1.100000e-07	8.927604e-08	4.562990e-06	-1.62097e-07	
74	1.100973e-07	3.030374e-11	9.480683e-09	-1.48681e-08	
75	1.102920e-07	-3.02202e-11	-3.41014e-09	-4.69107e-08	
76	1.106814e-07	3.027425e-11	3.244366e-09	-1.52217e-09	
77	1.114601e-07	-3.02019e-11	-2.76412e-09	-9.26286e-09	
78	1.130175e-07	3.026548e-11	2.632375e-09	8.255404e-09	
79	1.161323e-07	-3.01973e-11	-2.57194e-09	-7.90726e-09	
80	1.223620e-07	3.026323e-11	2.543016e-09	7.736679e-09	
81	1.348214e-07	-3.01961e-11	-2.52887e-09	-7.66709e-09	
82	1.548214e-07	3.026256e-11	2.520168e-09	7.610072e-09	
83	1.748214e-07	-3.01956e-11	-2.51154e-09	-7.57340e-09	
84	1.948214e-07	3.026207e-11	2.503002e-09	7.517496e-09	
85	1.950000e-07	-3.01677e-11	-1.86820e-09	-4.20177e-09	
86	1.952756e-07	2.907410e-14	-4.48700e-11	-2.27450e-10	
87	1.958269e-07	3.762616e-14	3.338383e-11	1.677399e-10	
88	1.967616e-07	2.902932e-14	-2.79976e-11	-1.49250e-10	
89	1.986309e-07	3.764437e-14	2.566436e-11	1.266823e-10	
90	2.000000e-07	2.901461e-14	-2.28243e-11	-1.23047e-10	
91	2.003739e-07	3.333962e-14	-2.17484e-12	-1.67878e-11	
92	2.011216e-07	3.332748e-14	1.722647e-12	2.761853e-12	
93	2.026171e-07	3.333824e-14	-1.53671e-12	-1.30779e-11	
94	2.056081e-07	3.332810e-14	1.448119e-12	1.373804e-12	
95	2.115900e-07	3.333795e-14	-1.40887e-12	-1.24353e-11	
96	2.235538e-07	3.332824e-14	1.386997e-12	1.048980e-12	
97	2.435538e-07	3.333787e-14	-1.37665e-12	-1.22697e-11	
98	2.550000e-07	3.332831e-14	1.354894e-12	8.807052e-13	
99	2.555000e-07	3.333282e-14	1.058578e-13	-5.08411e-12	
100	2.565000e-07	3.333329e-14	-8.92577e-14	-6.11788e-12	
101	2.585000e-07	3.333286e-14	8.037998e-14	-5.20541e-12	
102	2.600000e-07	3.333326e-14	-7.24026e-14	-6.03632e-12	
103	2.604000e-07	3.333308e-14	-7.72830e-15	-5.67794e-12	
104	2.605000e-07	3.333307e-14	-6.56447e-16	-5.64201e-12	
105	2.605800e-07	3.333307e-14	-5.23139e-16	-5.64278e-12	
106	2.607400e-07	3.333307e-14	-6.28638e-16	-5.64324e-12	
107	2.610600e-07	3.333307e-14	-5.30242e-16	-5.64299e-12	
108	2.615000e-07	3.333307e-14	-6.25504e-16	-5.64315e-12	
109	2.615640e-07	3.333307e-14	-5.63767e-16	-5.64307e-12	
110	2.616920e-07	3.333307e-14	-6.07258e-16	-5.64306e-12	
111	2.619480e-07	3.333306e-14	-5.42829e-16	-5.64310e-12	
112	2.624600e-07	3.333308e-14	-6.05574e-16	-5.64308e-12	

Index   time            v1#branch       v2#branch       v3#branch       
--------------------------------------------------------------------------------
113	2.634840e-07	3.333306e-14	-5.34579e-16	-5.64303e-12	
114	2.655320e-07	3.333308e-14	-5.90499e-16	-5.64306e-12	
115	2.696280e-07	3.333306e-14	-5.04738e-16	-5.64310e-12	
116	2.778200e-07	3.333308e-14	-5.34568e-16	-5.64312e-12	
117	2.942040e-07	3.333306e-14	-4.04865e-16	-5.64305e-12	
118	3.142040e-07	3.333308e-14	-4.07074e-16	-5.64310e-12	
119	3.342040e-07	3.333306e-14	-2.92948e-16	-5.64308e-12	
120	3.542040e-07	3.333308e-14	-3.14842e-16	-5.64308e-12	
121	3.742040e-07	3.333306e-14	-2.18388e-16	-5.64308e-12	
122	3.942040e-07	3.333308e-14	-2.51510e-16	-5.64308e-12	
123	4.142040e-07	3.333306e-14	-1.66544e-16	-5.64308e-12	
124	4.342040e-07	3.333308e-14	-2.06245e-16	-5.64308e-12	
125	4.542040e-07	3.333306e-14	-1.29254e-16	-5.64308e-12	
126	4.550000e-07	3.333308e-14	-1.65110e-16	-5.64311e-12	
127	4.550578e-07	3.550742e-14	1.358399e-09	6.151828e-09	
128	4.551735e-07	2.635814e-14	-5.46575e-10	-1.12916e-10	
129	4.554048e-07	4.227219e-14	2.624076e-10	4.515327e-09	
130	4.558675e-07	2.372328e-14	-2.64431e-10	1.579508e-09	
131	4.566738e-07	4.336160e-14	3.996280e-10	2.269793e-08	
132	4.572203e-07	2.395039e-14	1.087585e-09	1.117782e-07	
133	4.575905e-07	4.123362e-14	1.051946e-09	2.053346e-07	
134	4.579996e-07	2.290367e-14	6.741610e-10	2.868571e-07	
135	4.583558e-07	4.183838e-14	1.953042e-10	3.251441e-07	
136	4.585371e-07	1.343358e-14	-8.66488e-10	2.820413e-07	
137	4.587021e-07	2.205669e-14	-1.51493e-08	9.251137e-08	
138	4.588787e-07	6.405743e-14	4.156105e-09	-9.44697e-08	
139	4.590674e-07	2.080388e-14	-6.50099e-09	-2.48104e-07	
140	4.592443e-07	5.873366e-14	3.023726e-09	-3.07603e-07	
141	4.594674e-07	2.881884e-14	-1.89628e-10	-2.35688e-07	
142	4.596170e-07	9.257176e-15	1.737748e-09	-2.57930e-07	
143	4.597735e-07	9.296591e-14	2.348535e-09	-1.12685e-07	
144	4.598991e-07	-7.54889e-14	1.390596e-09	-1.48063e-07	
145	4.600000e-07	1.954609e-13	1.928798e-09	-2.11852e-08	
146	4.600133e-07	-4.30355e-13	-1.14484e-08	-2.19947e-07	
147	4.600400e-07	7.219057e-13	-1.90731e-09	-1.43643e-07	
148	4.600933e-07	-6.53033e-13	-1.47866e-09	-1.56006e-07	
149	4.601999e-07	7.366730e-13	4.661203e-10	-1.57263e-07	
150	4.604131e-07	-6.67591e-13	2.843578e-10	-1.51162e-07	
151	4.607528e-07	7.347891e-13	8.385148e-10	-1.07819e-07	
152	4.611259e-07	-6.69857e-13	3.476797e-10	-5.91914e-08	
153	4.615958e-07	7.354809e-13	3.064643e-10	-2.39089e-08	
154	4.616170e-07	-6.65033e-13	3.919973e-10	-1.81128e-08	
155	4.616596e-07	3.133483e-14	1.811516e-10	-2.01238e-08	
156	4.617446e-07	3.501131e-14	1.546338e-10	-1.67331e-08	
157	4.619148e-07	3.145721e-14	1.048382e-10	-1.15349e-08	
158	4.622551e-07	3.486030e-14	5.054118e-11	-5.21448e-09	
159	4.626170e-07	3.163851e-14	1.977036e-11	-2.20241e-09	
160	4.626851e-07	3.329380e-14	1.797654e-11	-1.90000e-09	
161	4.628212e-07	3.329897e-14	1.339883e-11	-1.38597e-09	
162	4.630935e-07	3.331841e-14	6.872384e-12	-7.28742e-10	
163	4.636380e-07	3.332738e-14	1.697439e-12	-1.68234e-10	
164	4.647270e-07	3.333596e-14	-2.85731e-13	1.290358e-11	
165	4.669051e-07	3.333160e-14	1.730882e-13	-1.27843e-11	
166	4.712613e-07	3.333484e-14	-1.43726e-13	-1.34627e-12	
167	4.799736e-07	3.333133e-14	1.329343e-13	-8.88056e-12	
168	4.973983e-07	3.333479e-14	-1.28250e-13	-2.84886e-12	
169	5.000000e-07	3.333144e-14	1.052019e-13	-6.26117e-12	
170	5.005000e-07	3.333300e-14	1.243588e-14	-6.65076e-12	

Index   time            v1#branch       v2#branch       v3#branch       
--------------------------------------------------------------------------------
171	5.015000e-07	3.333311e-14	-2.98552e-15	-5.58953e-12	
172	5.035000e-07	3.333303e-14	2.455790e-15	-5.65099e-12	
173	5.050000e-07	3.333311e-14	-2.14098e-15	-5.65641e-12	
174	5.054000e-07	3.333307e-14	-1.26152e-16	-5.64004e-12	
175	5.055000e-07	3.333307e-14	-3.55525e-18	-5.63968e-12	
176	5.055800e-07	3.333307e-14	-2.11457e-17	-5.64034e-12	
177	5.057400e-07	3.333307e-14	-1.92659e-17	-5.64113e-12	
178	5.060600e-07	3.333307e-14	-6.63076e-18	-5.64215e-12	
179	5.065000e-07	3.333307e-14	-4.76778e-18	-5.64275e-12	
180	5.065640e-07	3.333307e-14	-2.80746e-18	-5.64271e-12	
181	5.066920e-07	3.333307e-14	-2.04937e-18	-5.64287e-12	
182	5.069480e-07	3.333308e-14	-9.10308e-19	-5.64298e-12	
183	5.074600e-07	3.333306e-14	-4.48307e-19	-5.64308e-12	
184	5.084840e-07	3.333308e-14	1.713930e-19	-5.64306e-12	
185	5.105320e-07	3.333306e-14	-1.69745e-19	-5.64310e-12	
186	5.146280e-07	3.333308e-14	1.680180e-19	-5.64311e-12	
187	5.228200e-07	3.333306e-14	-1.68501e-19	-5.64312e-12	
188	5.392040e-07	3.333308e-14	1.645411e-19	-5.64310e-12	
189	5.592040e-07	3.333306e-14	-1.63551e-19	-5.64306e-12	
190	5.792040e-07	3.333308e-14	1.632674e-19	-5.64308e-12	
191	5.992040e-07	3.333306e-14	-1.61363e-19	-5.64308e-12	
192	6.192040e-07	3.333308e-14	1.622416e-19	-5.64308e-12	
193	6.392040e-07	3.333306e-14	-1.60373e-19	-5.64308e-12	
194	6.592040e-07	3.333308e-14	1.612491e-19	-5.64308e-12	
195	6.792040e-07	3.333306e-14	-1.59345e-19	-5.64308e-12	
196	6.992040e-07	3.333308e-14	1.602208e-19	-5.64308e-12	
197	7.192040e-07	3.333306e-14	-1.58459e-19	-5.64308e-12	
198	7.392040e-07	3.333308e-14	1.593319e-19	-5.64308e-12	
199	7.550000e-07	3.333306e-14	-1.57569e-19	-5.64309e-12	
200	7.555000e-07	3.333307e-14	8.382079e-21	-5.64308e-12	
201	7.565000e-07	3.333307e-14	-8.74280e-21	-5.64308e-12	
202	7.585000e-07	3.333307e-14	8.006095e-21	-5.64308e-12	
203	7.600000e-07	3.333307e-14	-8.53953e-21	-5.64304e-12	
204	7.604000e-07	3.333307e-14	-5.24614e-23	-5.64304e-12	
205	7.605000e-07	3.333307e-14	-1.25461e-21	-5.64305e-12	
206	7.605800e-07	3.333307e-14	-1.16404e-20	-5.64303e-12	
207	7.607400e-07	3.333307e-14	-1.42068e-20	-5.64312e-12	
208	7.610600e-07	3.333307e-14	3.825925e-21	-5.64306e-12	
209	7.615000e-07	3.333307e-14	3.007364e-21	-5.64312e-12	
210	7.615640e-07	3.333307e-14	-1.28213e-20	-5.64304e-12	
211	7.616920e-07	3.333307e-14	-7.35961e-22	-5.64307e-12	
212	7.619480e-07	3.333307e-14	-1.06218e-19	-5.64308e-12	
213	7.624600e-07	3.333307e-14	-2.59517e-21	-5.64309e-12	
214	7.634840e-07	3.333307e-14	-1.40291e-20	-5.64305e-12	
215	7.655320e-07	3.333307e-14	-1.51951e-20	-5.64312e-12	
216	7.696280e-07	3.333307e-14	-9.23366e-21	-5.64310e-12	
217	7.778200e-07	3.333307e-14	4.499595e-21	-5.64314e-12	
218	7.942040e-07	3.333307e-14	-7.54877e-21	-5.64305e-12	
219	8.142040e-07	3.333307e-14	6.952439e-21	-5.64310e-12	
220	8.342040e-07	3.333307e-14	-7.01816e-21	-5.64308e-12	
221	8.542040e-07	3.333307e-14	6.876367e-21	-5.64308e-12	
222	8.742040e-07	3.333307e-14	-6.74698e-21	-5.64308e-12	
223	8.942040e-07	3.333307e-14	6.707715e-21	-5.64308e-12	
224	9.142040e-07	3.333307e-14	-6.79963e-21	-5.64308e-12	
225	9.342040e-07	3.333307e-14	6.618238e-21	-5.64308e-12	
226	9.542040e-07	3.333307e-14	-6.48219e-21	-5.64308e-12	
227	9.742040e-07	3.333307e-14	6.403337e-21	-5.64308e-12	
228	9.942040e-07	3.333307e-14	-6.48210e-21	-5.64308e-12	

Index   time            v1#branch       v2#branch       v3#branch       
--------------------------------------------------------------------------------
229	1.000000e-06	3.333307e-14	5.791264e-21	-5.64316e-12	

       * /home/tiw.rahul45/esim-workspace/logicwithsram/logicwithsram.cir
       Transient Analysis  Sun Oct  9 02:18:41  2022
--------------------------------------------------------------------------------
Index   time            v4#branch       v5#branch       v6#branch       
--------------------------------------------------------------------------------
0	0.000000e+00	0.000000e+00	-3.54268e-12	-1.81000e-12	
1	5.000000e-11	1.037553e-06	-9.55526e-07	2.142175e-07	
2	1.000000e-10	1.010706e-06	-9.30012e-07	2.143962e-07	
3	2.000000e-10	9.357292e-07	-8.54499e-07	2.149884e-07	
4	4.000000e-10	8.837385e-07	-8.00775e-07	2.156156e-07	
5	8.000000e-10	7.452238e-07	-6.59248e-07	2.175720e-07	
6	1.600000e-09	6.399663e-07	-5.47406e-07	2.214659e-07	
7	2.443205e-09	5.458069e-07	-4.42970e-07	2.287812e-07	
8	2.895561e-09	5.446029e-07	-4.27251e-07	2.758413e-07	
9	3.384990e-09	5.876767e-07	-3.53538e-07	1.288221e-06	
10	3.676953e-09	1.259768e-06	-2.45967e-07	6.200785e-06	
11	3.902786e-09	2.513896e-06	-5.88074e-08	1.555664e-05	
12	4.081664e-09	3.306731e-06	-8.07479e-09	2.874689e-05	
13	4.237185e-09	3.703555e-06	5.524667e-08	4.062953e-05	
14	4.412265e-09	3.943321e-06	4.914106e-08	5.600383e-05	
15	4.443205e-09	3.948792e-06	7.915224e-08	5.713292e-05	
16	4.461318e-09	3.968816e-06	6.753217e-08	5.773860e-05	
17	4.497544e-09	4.013668e-06	7.261109e-08	5.704677e-05	
18	4.569995e-09	4.051185e-06	8.166408e-08	4.669837e-05	
19	4.673734e-09	4.129651e-06	9.987309e-08	2.792898e-05	
20	4.781313e-09	4.180348e-06	1.329270e-07	1.666114e-05	
21	4.903207e-09	4.272475e-06	1.865822e-07	1.326013e-05	
22	5.000000e-09	4.314847e-06	2.297640e-07	1.232016e-05	
23	5.015719e-09	1.284284e-07	1.950955e-07	8.495021e-06	
24	5.047158e-09	1.292548e-07	1.987884e-07	6.047417e-06	
25	5.110035e-09	1.325376e-07	2.072899e-07	4.005350e-06	
26	5.235790e-09	1.332690e-07	2.187096e-07	3.278653e-06	
27	5.398564e-09	1.253163e-07	2.094803e-07	3.241329e-06	
28	5.443205e-09	1.400681e-07	2.251149e-07	3.145698e-06	
29	5.464809e-09	1.361621e-07	2.189121e-07	3.075666e-06	
30	5.508016e-09	1.500586e-07	2.276013e-07	2.957095e-06	
31	5.594430e-09	1.822780e-07	2.377369e-07	2.692915e-06	
32	5.707897e-09	4.064511e-07	3.500027e-07	2.281452e-06	
33	5.817265e-09	1.634093e-06	8.856845e-07	1.900111e-06	
34	5.941257e-09	2.547817e-06	1.139887e-06	1.499193e-06	
35	5.995421e-09	1.457184e-06	7.107234e-07	1.352090e-06	
36	6.050649e-09	5.117256e-07	1.914395e-07	1.200971e-06	
37	6.117953e-09	1.885814e-06	8.997867e-07	1.050317e-06	
38	6.192209e-09	1.325061e-06	5.547146e-07	8.889918e-07	
39	6.266490e-09	2.441703e-06	1.142041e-06	7.624927e-07	
40	6.342750e-09	8.589198e-07	3.410600e-07	6.366426e-07	
41	6.418532e-09	1.963497e-06	9.234059e-07	5.433661e-07	
42	6.549450e-09	4.616711e-07	1.625963e-07	3.956320e-07	
43	6.686428e-09	1.376170e-06	6.591374e-07	2.936087e-07	
44	6.883433e-09	-1.78459e-07	-1.23201e-07	1.774382e-07	
45	7.126137e-09	8.126365e-07	4.066583e-07	1.039658e-07	
46	7.611544e-09	-5.81302e-07	-3.03056e-07	2.304082e-08	
47	8.190404e-09	6.139636e-07	3.175808e-07	8.522394e-09	
48	8.266490e-09	-6.10016e-07	-3.15128e-07	3.178486e-10	
49	8.359530e-09	2.277552e-09	8.823846e-10	3.287099e-09	
50	8.545610e-09	1.295602e-09	7.163016e-10	2.087626e-09	
51	8.917769e-09	1.236058e-09	4.164204e-10	7.982680e-10	
52	9.266490e-09	5.217467e-10	3.700246e-10	3.281227e-10	
53	9.340922e-09	7.282714e-10	3.258513e-10	2.782583e-10	
54	9.489786e-09	6.702064e-10	2.998367e-10	1.941105e-10	

Index   time            v4#branch       v5#branch       v6#branch       
--------------------------------------------------------------------------------
55	9.787513e-09	5.694375e-10	2.547880e-10	9.242446e-11	
56	1.038297e-08	4.337476e-10	1.940420e-10	1.614414e-11	
57	1.157388e-08	2.701634e-10	1.208906e-10	-1.66265e-12	
58	1.395570e-08	1.288598e-10	5.763337e-11	2.208004e-12	
59	1.871934e-08	4.550882e-11	2.037928e-11	1.390926e-13	
60	2.824663e-08	1.319855e-11	5.886271e-12	1.669116e-12	
61	4.730120e-08	2.563080e-12	1.165373e-12	3.518145e-13	
62	6.730120e-08	2.137461e-12	9.376042e-13	1.548131e-12	
63	8.730120e-08	9.931355e-14	6.308842e-14	4.600919e-13	
64	1.050000e-07	1.186630e-12	5.121806e-13	1.442386e-12	
65	1.051948e-07	-2.58243e-06	2.018888e-08	-1.33233e-05	
66	1.055844e-07	-2.68055e-06	1.240541e-08	-2.64196e-05	
67	1.061580e-07	-2.63103e-06	1.752930e-08	-3.32135e-05	
68	1.067393e-07	-2.45497e-06	4.741704e-08	-2.31338e-05	
69	1.073362e-07	-2.01752e-06	1.488030e-07	-1.20874e-05	
70	1.080352e-07	-1.07269e-06	4.382960e-07	-2.27727e-06	
71	1.086839e-07	-8.14261e-07	5.470904e-07	-8.95441e-07	
72	1.094686e-07	-7.79590e-07	7.732339e-07	1.116574e-07	
73	1.100000e-07	-1.08062e-06	9.524375e-07	-5.83438e-07	
74	1.100973e-07	-6.84931e-10	6.964826e-10	-2.69858e-10	
75	1.102920e-07	6.704008e-10	-7.17720e-10	1.071686e-10	
76	1.106814e-07	-6.75741e-10	7.079415e-10	-6.88616e-11	
77	1.114601e-07	6.678752e-10	-7.19962e-10	5.447245e-11	
78	1.130175e-07	-6.74707e-10	7.086755e-10	-5.29496e-11	
79	1.161323e-07	6.676152e-10	-7.19898e-10	4.688819e-11	
80	1.223620e-07	-6.74148e-10	7.093635e-10	-4.94447e-11	
81	1.348214e-07	6.681085e-10	-7.18945e-10	4.519369e-11	
82	1.548214e-07	-6.73257e-10	7.107894e-10	-4.85420e-11	
83	1.748214e-07	6.688653e-10	-7.17625e-10	4.451415e-11	
84	1.948214e-07	-6.72617e-10	7.118096e-10	-4.78661e-11	
85	1.950000e-07	6.672124e-10	-7.17458e-10	1.886726e-11	
86	1.952756e-07	-2.61999e-08	-8.34839e-08	7.685055e-15	
87	1.958269e-07	-2.50915e-08	-6.93940e-08	-3.21439e-12	
88	1.967616e-07	-2.49968e-08	-6.35691e-08	-6.91339e-13	
89	1.986309e-07	-2.40795e-08	-4.36756e-08	-2.90103e-12	
90	2.000000e-07	-2.44468e-08	-4.36785e-08	-9.01056e-13	
91	2.003739e-07	2.311792e-12	-9.08518e-12	-1.75458e-12	
92	2.011216e-07	-5.70051e-12	-1.13104e-15	-1.91344e-12	
93	2.026171e-07	2.332701e-12	-9.04381e-12	-1.78097e-12	
94	2.056081e-07	-5.65246e-12	7.599477e-14	-1.90221e-12	
95	2.115900e-07	2.421509e-12	-8.89375e-12	-1.78616e-12	
96	2.235538e-07	-5.48676e-12	3.521627e-13	-1.89972e-12	
97	2.435538e-07	2.679787e-12	-8.46174e-12	-1.78746e-12	
98	2.550000e-07	-5.26054e-12	7.296455e-13	-1.89840e-12	
99	2.555000e-07	-1.25087e-12	-3.79833e-12	-1.84770e-12	
100	2.565000e-07	-1.24331e-12	-3.78889e-12	-1.83969e-12	
101	2.585000e-07	-1.23266e-12	-3.76794e-12	-1.84671e-12	
102	2.600000e-07	-1.22234e-12	-3.75389e-12	-1.84035e-12	
103	2.604000e-07	-1.22072e-12	-3.74958e-12	-1.84307e-12	
104	2.605000e-07	-1.22005e-12	-3.74848e-12	-1.84336e-12	
105	2.605800e-07	-1.21964e-12	-3.74777e-12	-1.84335e-12	
106	2.607400e-07	-1.21868e-12	-3.74618e-12	-1.84335e-12	
107	2.610600e-07	-1.21682e-12	-3.74309e-12	-1.84335e-12	
108	2.615000e-07	-1.21424e-12	-3.73876e-12	-1.84335e-12	
109	2.615640e-07	-1.21388e-12	-3.73817e-12	-1.84335e-12	
110	2.616920e-07	-1.21312e-12	-3.73689e-12	-1.84335e-12	
111	2.619480e-07	-1.21165e-12	-3.73442e-12	-1.84335e-12	
112	2.624600e-07	-1.20867e-12	-3.72946e-12	-1.84335e-12	

Index   time            v4#branch       v5#branch       v6#branch       
--------------------------------------------------------------------------------
113	2.634840e-07	-1.20280e-12	-3.71966e-12	-1.84335e-12	
114	2.655320e-07	-1.19116e-12	-3.70025e-12	-1.84335e-12	
115	2.696280e-07	-1.16853e-12	-3.66244e-12	-1.84335e-12	
116	2.778200e-07	-1.12552e-12	-3.59064e-12	-1.84335e-12	
117	2.942040e-07	-1.04767e-12	-3.46075e-12	-1.84335e-12	
118	3.142040e-07	-9.65202e-13	-3.32318e-12	-1.84335e-12	
119	3.342040e-07	-8.93970e-13	-3.20442e-12	-1.84335e-12	
120	3.542040e-07	-8.31902e-13	-3.10099e-12	-1.84335e-12	
121	3.742040e-07	-7.77381e-13	-3.01018e-12	-1.84335e-12	
122	3.942040e-07	-7.29162e-13	-2.92990e-12	-1.84335e-12	
123	4.142040e-07	-6.86236e-13	-2.85848e-12	-1.84335e-12	
124	4.342040e-07	-6.47816e-13	-2.79461e-12	-1.84335e-12	
125	4.542040e-07	-6.13239e-13	-2.73715e-12	-1.84335e-12	
126	4.550000e-07	-6.11967e-13	-2.73506e-12	-1.84335e-12	
127	4.550578e-07	1.496464e-09	2.515779e-09	-1.07080e-11	
128	4.551735e-07	1.508797e-09	2.542804e-09	1.469028e-11	
129	4.554048e-07	1.649227e-09	2.767359e-09	-1.58263e-11	
130	4.558675e-07	2.150529e-09	3.605811e-09	9.985709e-12	
131	4.566738e-07	2.294470e-09	3.803356e-09	-1.40457e-11	
132	4.572203e-07	-2.34387e-08	-3.93447e-08	-4.49561e-12	
133	4.575905e-07	-5.18859e-08	-1.39470e-07	-1.40674e-12	
134	4.579996e-07	-9.14408e-08	-2.52349e-07	4.975101e-12	
135	4.583558e-07	-1.16382e-07	-2.26974e-07	1.866862e-12	
136	4.585371e-07	-8.44534e-08	-1.75590e-07	4.822244e-11	
137	4.587021e-07	-3.95221e-08	-5.70918e-08	1.342626e-10	
138	4.588787e-07	-3.88234e-08	-8.43429e-08	-7.89577e-11	
139	4.590674e-07	-2.45401e-08	-2.70039e-08	-3.51334e-11	
140	4.592443e-07	-1.41389e-08	-3.95864e-08	-3.14787e-11	
141	4.594674e-07	-7.69663e-09	2.399577e-09	-9.50347e-11	
142	4.596170e-07	-3.18857e-09	-2.07701e-08	1.197486e-10	
143	4.597735e-07	-1.82412e-09	1.227269e-08	-1.78853e-10	
144	4.598991e-07	5.089540e-09	-6.74926e-09	1.787345e-10	
145	4.600000e-07	-4.51880e-09	7.676358e-09	-1.77448e-10	
146	4.600133e-07	-7.87159e-09	-1.31212e-08	4.399743e-10	
147	4.600400e-07	-9.98447e-09	-1.69329e-08	3.338903e-11	
148	4.600933e-07	-8.17579e-09	-1.36290e-08	-5.89583e-12	
149	4.601999e-07	-6.30907e-09	-1.06822e-08	-3.83036e-11	
150	4.604131e-07	-3.85604e-09	-6.31747e-09	-1.12464e-11	
151	4.607528e-07	-1.66684e-09	-2.88446e-09	1.072502e-12	
152	4.611259e-07	-5.36448e-10	-7.81661e-10	-4.36291e-12	
153	4.615958e-07	-7.15383e-11	-2.34413e-10	7.157466e-12	
154	4.616170e-07	-1.74881e-10	-1.82995e-10	-1.96470e-11	
155	4.616596e-07	-7.13311e-11	-1.22199e-10	6.626946e-14	
156	4.617446e-07	-5.58666e-11	-9.65140e-11	-2.33084e-13	
157	4.619148e-07	-3.13996e-11	-5.59968e-11	-5.52871e-13	
158	4.622551e-07	-1.02924e-11	-2.09491e-11	-1.29089e-12	
159	4.626170e-07	-2.40552e-12	-7.92832e-12	-1.52976e-12	
160	4.626851e-07	-2.30931e-12	-7.74038e-12	-1.60441e-12	
161	4.628212e-07	-1.60123e-12	-6.56791e-12	-1.67748e-12	
162	4.630935e-07	-6.37865e-13	-4.96964e-12	-1.74803e-12	
163	4.636380e-07	-1.12147e-13	-4.09916e-12	-1.82620e-12	
164	4.647270e-07	4.303302e-14	-3.84105e-12	-1.84189e-12	
165	4.669051e-07	-3.54719e-14	-3.97177e-12	-1.84614e-12	
166	4.712613e-07	3.319818e-14	-3.85740e-12	-1.84026e-12	
167	4.799736e-07	-3.23197e-14	-3.96656e-12	-1.84654e-12	
168	4.973983e-07	3.191784e-14	-3.85953e-12	-1.84012e-12	
169	5.000000e-07	-2.98291e-14	-3.96241e-12	-1.84675e-12	
170	5.005000e-07	-1.43686e-15	-3.91514e-12	-1.84336e-12	

Index   time            v4#branch       v5#branch       v6#branch       
--------------------------------------------------------------------------------
171	5.015000e-07	6.133745e-16	-3.91169e-12	-1.84323e-12	
172	5.035000e-07	-5.32962e-16	-3.91362e-12	-1.84346e-12	
173	5.050000e-07	4.604536e-16	-3.91198e-12	-1.84324e-12	
174	5.054000e-07	2.865412e-17	-3.91268e-12	-1.84334e-12	
175	5.055000e-07	6.461400e-18	-3.91272e-12	-1.84335e-12	
176	5.055800e-07	1.018719e-17	-3.91272e-12	-1.84335e-12	
177	5.057400e-07	6.640141e-18	-3.91272e-12	-1.84335e-12	
178	5.060600e-07	1.692666e-18	-3.91272e-12	-1.84335e-12	
179	5.065000e-07	5.484446e-19	-3.91272e-12	-1.84335e-12	
180	5.065640e-07	4.764293e-19	-3.91272e-12	-1.84335e-12	
181	5.066920e-07	7.600476e-20	-3.91273e-12	-1.84335e-12	
182	5.069480e-07	-4.78190e-20	-3.91271e-12	-1.84335e-12	
183	5.074600e-07	1.553314e-19	-3.91273e-12	-1.84335e-12	
184	5.084840e-07	-1.49589e-19	-3.91273e-12	-1.84335e-12	
185	5.105320e-07	1.253230e-19	-3.91272e-12	-1.84335e-12	
186	5.146280e-07	-1.20664e-19	-3.91274e-12	-1.84335e-12	
187	5.228200e-07	1.177640e-19	-3.91275e-12	-1.84335e-12	
188	5.392040e-07	-1.22183e-19	-3.91273e-12	-1.84335e-12	
189	5.592040e-07	1.208245e-19	-3.91272e-12	-1.84335e-12	
190	5.792040e-07	-1.18477e-19	-3.91272e-12	-1.84335e-12	
191	5.992040e-07	1.178632e-19	-3.91272e-12	-1.84335e-12	
192	6.192040e-07	-1.15621e-19	-3.91272e-12	-1.84335e-12	
193	6.392040e-07	1.153227e-19	-3.91272e-12	-1.84335e-12	
194	6.592040e-07	-1.13187e-19	-3.91272e-12	-1.84335e-12	
195	6.792040e-07	1.132070e-19	-3.91272e-12	-1.84335e-12	
196	6.992040e-07	-1.11071e-19	-3.91272e-12	-1.84335e-12	
197	7.192040e-07	1.111979e-19	-3.91272e-12	-1.84335e-12	
198	7.392040e-07	-1.09379e-19	-3.91272e-12	-1.84335e-12	
199	7.550000e-07	1.098890e-19	-3.91272e-12	-1.84335e-12	
200	7.555000e-07	2.387085e-20	-3.91272e-12	-1.84335e-12	
201	7.565000e-07	-2.18164e-20	-3.91272e-12	-1.84335e-12	
202	7.585000e-07	1.956177e-20	-3.91275e-12	-1.84335e-12	
203	7.600000e-07	-1.76638e-20	-3.91273e-12	-1.84335e-12	
204	7.604000e-07	1.934562e-21	-3.91274e-12	-1.84335e-12	
205	7.605000e-07	2.874755e-20	-3.91272e-12	-1.84335e-12	
206	7.605800e-07	-2.06444e-20	-3.91273e-12	-1.84335e-12	
207	7.607400e-07	-1.97050e-19	-3.91273e-12	-1.84335e-12	
208	7.610600e-07	2.997176e-20	-3.91273e-12	-1.84335e-12	
209	7.615000e-07	-3.35635e-20	-3.91272e-12	-1.84335e-12	
210	7.615640e-07	2.777412e-20	-3.91272e-12	-1.84335e-12	
211	7.616920e-07	6.544085e-22	-3.91272e-12	-1.84335e-12	
212	7.619480e-07	1.407033e-20	-3.91271e-12	-1.84335e-12	
213	7.624600e-07	-3.03210e-21	-3.91273e-12	-1.84335e-12	
214	7.634840e-07	-3.37839e-20	-3.91273e-12	-1.84335e-12	
215	7.655320e-07	8.442600e-23	-3.91272e-12	-1.84335e-12	
216	7.696280e-07	-4.63285e-21	-3.91274e-12	-1.84335e-12	
217	7.778200e-07	5.523341e-21	-3.91275e-12	-1.84335e-12	
218	7.942040e-07	-5.18007e-21	-3.91273e-12	-1.84335e-12	
219	8.142040e-07	5.198553e-21	-3.91272e-12	-1.84335e-12	
220	8.342040e-07	-5.60221e-21	-3.91272e-12	-1.84335e-12	
221	8.542040e-07	5.621987e-21	-3.91272e-12	-1.84335e-12	
222	8.742040e-07	-5.81389e-21	-3.91272e-12	-1.84335e-12	
223	8.942040e-07	5.833646e-21	-3.91272e-12	-1.84335e-12	
224	9.142040e-07	-6.02551e-21	-3.91272e-12	-1.84335e-12	
225	9.342040e-07	6.045296e-21	-3.91272e-12	-1.84335e-12	
226	9.542040e-07	-6.23720e-21	-3.91272e-12	-1.84335e-12	
227	9.742040e-07	6.257001e-21	-3.91272e-12	-1.84335e-12	
228	9.942040e-07	-6.44887e-21	-3.91272e-12	-1.84335e-12	

Index   time            v4#branch       v5#branch       v6#branch       
--------------------------------------------------------------------------------
229	1.000000e-06	6.550094e-21	-3.91272e-12	-1.84335e-12	

       * /home/tiw.rahul45/esim-workspace/logicwithsram/logicwithsram.cir
       Transient Analysis  Sun Oct  9 02:18:41  2022
--------------------------------------------------------------------------------
Index   time            v7#branch       v8#branch       v9#branch       
--------------------------------------------------------------------------------
0	0.000000e+00	-1.84335e-12	-5.64306e-12	3.333307e-14	
1	5.000000e-11	2.235775e-07	4.570640e-08	-8.91914e-08	
2	1.000000e-10	2.251753e-07	4.861063e-08	-8.77851e-08	
3	2.000000e-10	2.309130e-07	5.677626e-08	-8.36061e-08	
4	4.000000e-10	2.415539e-07	7.418644e-08	-8.01021e-08	
5	8.000000e-10	3.016886e-07	9.581076e-08	-7.04564e-08	
6	1.600000e-09	4.734351e-07	1.459412e-07	-6.00138e-08	
7	2.443205e-09	-6.65489e-06	6.603428e-07	-5.07917e-08	
8	2.895561e-09	-1.50904e-05	9.632566e-07	-4.85291e-08	
9	3.384990e-09	-2.47770e-05	1.140679e-06	-4.40882e-08	
10	3.676953e-09	-2.78657e-05	8.808955e-07	-4.36718e-08	
11	3.902786e-09	-2.67609e-05	4.258156e-07	-4.11869e-08	
12	4.081664e-09	-2.46006e-05	-7.90444e-08	-4.15523e-08	
13	4.237185e-09	-2.12133e-05	-4.00284e-07	-3.95257e-08	
14	4.412265e-09	-1.66389e-05	-9.08604e-07	-3.99829e-08	
15	4.443205e-09	-1.55204e-05	-8.78239e-07	-3.85793e-08	
16	4.461318e-09	-1.50417e-05	-9.66213e-07	-3.91695e-08	
17	4.497544e-09	-1.38619e-05	-1.04593e-06	-3.89267e-08	
18	4.569995e-09	-1.14036e-05	-1.20465e-06	-3.86866e-08	
19	4.673734e-09	-7.61817e-06	-1.41205e-06	-3.81541e-08	
20	4.781313e-09	-3.38661e-06	-1.59870e-06	-3.77618e-08	
21	4.903207e-09	1.760802e-06	-1.80596e-06	-3.69772e-08	
22	5.000000e-09	5.850522e-06	-1.96262e-06	-3.72375e-08	
23	5.015719e-09	2.481238e-06	-1.99569e-06	-2.93252e-11	
24	5.047158e-09	1.272969e-06	-1.39075e-06	1.940035e-11	
25	5.110035e-09	4.940107e-07	-8.90495e-07	-4.46146e-11	
26	5.235790e-09	3.001417e-07	-5.52168e-07	9.318605e-11	
27	5.398564e-09	2.023622e-07	-3.10084e-07	2.070936e-11	
28	5.443205e-09	1.785468e-07	-2.63880e-07	9.452868e-11	
29	5.464809e-09	1.688000e-07	-2.44851e-07	5.424900e-11	
30	5.508016e-09	1.517052e-07	-2.09937e-07	5.456053e-11	
31	5.594430e-09	1.243553e-07	-1.54303e-07	4.418874e-11	
32	5.707897e-09	9.817225e-08	-1.02885e-07	3.584210e-11	
33	5.817265e-09	8.027749e-08	-6.97300e-08	2.330032e-11	
34	5.941257e-09	6.578329e-08	-4.49617e-08	1.790210e-11	
35	5.995421e-09	6.083732e-08	-3.72746e-08	1.176166e-11	
36	6.050649e-09	5.641154e-08	-3.08510e-08	1.251723e-11	
37	6.117953e-09	5.171788e-08	-2.44733e-08	6.732184e-12	
38	6.192209e-09	4.737594e-08	-1.90298e-08	7.740211e-12	
39	6.266490e-09	4.372317e-08	-1.47757e-08	2.729572e-12	
40	6.342750e-09	4.056324e-08	-1.15232e-08	4.545163e-12	
41	6.418532e-09	3.782848e-08	-8.94353e-09	2.235239e-13	
42	6.549450e-09	3.393976e-08	-5.94161e-09	2.110719e-12	
43	6.686428e-09	3.064608e-08	-3.84484e-09	-1.99404e-12	
44	6.883433e-09	2.695164e-08	-2.25900e-09	5.127233e-13	
45	7.126137e-09	2.342875e-08	-1.17105e-09	-3.11465e-12	
46	7.611544e-09	1.852405e-08	-5.32415e-10	-1.52973e-13	
47	8.190404e-09	1.469444e-08	-2.46848e-10	-3.40356e-12	
48	8.266490e-09	1.433158e-08	-3.33857e-10	-1.90245e-13	
49	8.359530e-09	1.386987e-08	-2.65655e-10	-1.79623e-12	
50	8.545610e-09	1.301605e-08	-2.43082e-10	-1.80031e-12	
51	8.917769e-09	1.157091e-08	-1.89675e-10	-1.79896e-12	
52	9.266490e-09	1.045433e-08	-1.66311e-10	-1.80610e-12	
53	9.340922e-09	1.024478e-08	-1.55725e-10	-1.80348e-12	
54	9.489786e-09	9.836187e-09	-1.47678e-10	-1.80537e-12	

Index   time            v7#branch       v8#branch       v9#branch       
--------------------------------------------------------------------------------
55	9.787513e-09	9.102943e-09	-1.25546e-10	-1.80430e-12	
56	1.038297e-08	7.889746e-09	-1.01214e-10	-1.80805e-12	
57	1.157388e-08	6.150723e-09	-6.27529e-11	-1.80725e-12	
58	1.395570e-08	4.142890e-09	-3.55235e-11	-1.81069e-12	
59	1.871934e-08	2.353786e-09	-1.38072e-11	-1.80873e-12	
60	2.824663e-08	1.148191e-09	-1.01248e-11	-1.81116e-12	
61	4.730120e-08	5.034018e-10	-4.45430e-12	-1.80883e-12	
62	6.730120e-08	3.103640e-10	-7.72890e-12	-1.81117e-12	
63	8.730120e-08	2.121003e-10	-3.96992e-12	-1.80883e-12	
64	1.050000e-07	1.703516e-10	-7.49166e-12	-1.81117e-12	
65	1.051948e-07	-1.34341e-05	9.723103e-07	3.698178e-08	
66	1.055844e-07	-2.66176e-05	1.541321e-06	3.996637e-08	
67	1.061580e-07	-3.32716e-05	4.715286e-07	4.143776e-08	
68	1.067393e-07	-2.30513e-05	-8.22878e-07	4.611721e-08	
69	1.073362e-07	-1.20035e-05	-1.13908e-06	4.892976e-08	
70	1.080352e-07	-2.26480e-06	-6.57164e-07	5.631938e-08	
71	1.086839e-07	-8.91571e-07	-1.57398e-07	6.258151e-08	
72	1.094686e-07	1.078681e-07	-1.92345e-09	7.648197e-08	
73	1.100000e-07	-5.79734e-07	-1.63705e-07	8.927506e-08	
74	1.100973e-07	-2.52631e-10	-6.29216e-09	3.030905e-11	
75	1.102920e-07	9.493330e-11	-3.16712e-08	-3.02306e-11	
76	1.106814e-07	-5.56509e-11	3.885260e-09	3.028485e-11	
77	1.114601e-07	4.137875e-11	-5.79346e-09	-3.02123e-11	
78	1.130175e-07	-4.03369e-11	5.538358e-09	3.027592e-11	
79	1.161323e-07	3.447764e-11	-5.38061e-09	-3.02077e-11	
80	1.223620e-07	-3.71279e-11	5.283085e-09	3.027365e-11	
81	1.348214e-07	3.292563e-11	-5.24519e-09	-3.02065e-11	
82	1.548214e-07	-3.63015e-11	5.207319e-09	3.027297e-11	
83	1.748214e-07	3.230297e-11	-5.18854e-09	-3.02060e-11	
84	1.948214e-07	-3.56827e-11	5.150105e-09	3.027248e-11	
85	1.950000e-07	9.396972e-12	-2.64223e-09	-3.01776e-11	
86	1.952756e-07	-3.54260e-13	-2.11480e-10	2.895927e-14	
87	1.958269e-07	-2.87773e-12	1.013281e-10	3.773605e-14	
88	1.967616e-07	-1.00287e-12	-8.98912e-11	2.892129e-14	
89	1.986309e-07	-2.60091e-12	6.972161e-11	3.775076e-14	
90	2.000000e-07	-1.18549e-12	-6.93571e-11	2.891008e-14	
91	2.003739e-07	-1.76765e-12	-1.41811e-11	3.333762e-14	
92	2.011216e-07	-1.90183e-12	5.223454e-13	3.332965e-14	
93	2.026171e-07	-1.79152e-12	-1.09921e-11	3.333602e-14	
94	2.056081e-07	-1.89176e-12	-7.66392e-13	3.333034e-14	
95	2.115900e-07	-1.79624e-12	-1.04014e-11	3.333570e-14	
96	2.235538e-07	-1.88952e-12	-1.04948e-12	3.333049e-14	
97	2.435538e-07	-1.79744e-12	-1.02427e-11	3.333562e-14	
98	2.550000e-07	-1.88836e-12	-1.18819e-12	3.333057e-14	
99	2.555000e-07	-1.84716e-12	-5.19084e-12	3.333280e-14	
100	2.565000e-07	-1.84009e-12	-6.05774e-12	3.333330e-14	
101	2.585000e-07	-1.84617e-12	-5.31587e-12	3.333286e-14	
102	2.600000e-07	-1.84075e-12	-5.97659e-12	3.333325e-14	
103	2.604000e-07	-1.84301e-12	-5.70080e-12	3.333309e-14	
104	2.605000e-07	-1.84327e-12	-5.67066e-12	3.333307e-14	
105	2.605800e-07	-1.84329e-12	-5.66766e-12	3.333307e-14	
106	2.607400e-07	-1.84328e-12	-5.66837e-12	3.333307e-14	
107	2.610600e-07	-1.84329e-12	-5.66709e-12	3.333307e-14	
108	2.615000e-07	-1.84328e-12	-5.66803e-12	3.333307e-14	
109	2.615640e-07	-1.84329e-12	-5.66715e-12	3.333307e-14	
110	2.616920e-07	-1.84328e-12	-5.66783e-12	3.333307e-14	
111	2.619480e-07	-1.84329e-12	-5.66697e-12	3.333307e-14	
112	2.624600e-07	-1.84328e-12	-5.66768e-12	3.333307e-14	

Index   time            v7#branch       v8#branch       v9#branch       
--------------------------------------------------------------------------------
113	2.634840e-07	-1.84329e-12	-5.66656e-12	3.333307e-14	
114	2.655320e-07	-1.84328e-12	-5.66700e-12	3.333307e-14	
115	2.696280e-07	-1.84329e-12	-5.66530e-12	3.333307e-14	
116	2.778200e-07	-1.84329e-12	-5.66467e-12	3.333307e-14	
117	2.942040e-07	-1.84330e-12	-5.66112e-12	3.333307e-14	
118	3.142040e-07	-1.84330e-12	-5.65927e-12	3.333307e-14	
119	3.342040e-07	-1.84331e-12	-5.65641e-12	3.333307e-14	
120	3.542040e-07	-1.84331e-12	-5.65541e-12	3.333307e-14	
121	3.742040e-07	-1.84332e-12	-5.65324e-12	3.333307e-14	
122	3.942040e-07	-1.84332e-12	-5.65275e-12	3.333307e-14	
123	4.142040e-07	-1.84333e-12	-5.65106e-12	3.333307e-14	
124	4.342040e-07	-1.84333e-12	-5.65086e-12	3.333307e-14	
125	4.542040e-07	-1.84333e-12	-5.64949e-12	3.333307e-14	
126	4.550000e-07	-1.84333e-12	-5.64951e-12	3.333307e-14	
127	4.550578e-07	-8.59726e-11	1.657779e-08	3.601331e-14	
128	4.551735e-07	4.917222e-12	4.285499e-09	2.611814e-14	
129	4.554048e-07	-4.07065e-12	2.019849e-09	4.128354e-14	
130	4.558675e-07	2.726827e-12	-8.62878e-10	2.543934e-14	
131	4.566738e-07	-3.50055e-12	-1.24489e-10	4.127153e-14	
132	4.572203e-07	-4.67138e-12	9.955993e-10	2.536123e-14	
133	4.575905e-07	6.679640e-13	-3.26855e-10	4.125730e-14	
134	4.579996e-07	-7.35091e-12	1.205830e-09	2.549946e-14	
135	4.583558e-07	3.053290e-12	-7.02243e-10	4.102467e-14	
136	4.585371e-07	-8.25129e-11	1.713414e-08	2.727801e-14	
137	4.587021e-07	6.539403e-10	-1.35201e-07	2.132986e-14	
138	4.588787e-07	-5.79402e-10	7.853339e-08	7.919158e-14	
139	4.590674e-07	3.029281e-10	-4.44179e-08	-3.99757e-14	
140	4.592443e-07	-3.24214e-10	5.882187e-08	1.252858e-13	
141	4.594674e-07	2.622613e-10	-3.95402e-08	-7.21269e-14	
142	4.596170e-07	-2.83222e-10	5.188554e-08	1.576719e-13	
143	4.597735e-07	2.563564e-10	-4.09486e-08	-1.08318e-13	
144	4.598991e-07	-2.86262e-10	5.150533e-08	1.968585e-13	
145	4.600000e-07	2.788404e-10	-4.54872e-08	-1.58284e-13	
146	4.600133e-07	1.282901e-10	-1.96617e-08	6.445665e-14	
147	4.600400e-07	2.410034e-11	-6.21101e-09	2.814781e-14	
148	4.600933e-07	1.620900e-12	-1.08485e-09	4.093025e-14	
149	4.601999e-07	-1.36014e-11	5.042232e-10	2.646710e-14	
150	4.604131e-07	-3.21542e-12	1.545552e-09	3.966512e-14	
151	4.607528e-07	-6.21281e-12	5.334575e-10	2.712175e-14	
152	4.611259e-07	-2.04910e-12	1.320687e-09	3.942078e-14	
153	4.615958e-07	-3.41934e-12	-3.14304e-10	2.734053e-14	
154	4.616170e-07	-3.31769e-12	1.211076e-09	3.805758e-14	
155	4.616596e-07	-2.09743e-12	2.334273e-10	3.342796e-14	
156	4.617446e-07	-2.09318e-12	1.910452e-10	3.325273e-14	
157	4.619148e-07	-1.96516e-12	1.138479e-10	3.341969e-14	
158	4.622551e-07	-1.90080e-12	3.888728e-11	3.325125e-14	
159	4.626170e-07	-1.84400e-12	6.551965e-12	3.341603e-14	
160	4.626851e-07	-1.85234e-12	5.318224e-12	3.333396e-14	
161	4.628212e-07	-1.85158e-12	1.991822e-12	3.333285e-14	
162	4.630935e-07	-1.84526e-12	-2.65567e-12	3.333357e-14	
163	4.636380e-07	-1.84464e-12	-5.18658e-12	3.333269e-14	
164	4.647270e-07	-1.84234e-12	-5.80305e-12	3.333344e-14	
165	4.669051e-07	-1.84431e-12	-5.52675e-12	3.333270e-14	
166	4.712613e-07	-1.84241e-12	-5.74561e-12	3.333344e-14	
167	4.799736e-07	-1.84428e-12	-5.54610e-12	3.333270e-14	
168	4.973983e-07	-1.84242e-12	-5.73764e-12	3.333343e-14	
169	5.000000e-07	-1.84425e-12	-5.56199e-12	3.333271e-14	
170	5.005000e-07	-1.84337e-12	-5.63346e-12	3.333306e-14	

Index   time            v7#branch       v8#branch       v9#branch       
--------------------------------------------------------------------------------
171	5.015000e-07	-1.84333e-12	-5.64724e-12	3.333307e-14	
172	5.035000e-07	-1.84337e-12	-5.63966e-12	3.333306e-14	
173	5.050000e-07	-1.84333e-12	-5.64600e-12	3.333307e-14	
174	5.054000e-07	-1.84335e-12	-5.64324e-12	3.333307e-14	
175	5.055000e-07	-1.84335e-12	-5.64313e-12	3.333307e-14	
176	5.055800e-07	-1.84335e-12	-5.64317e-12	3.333307e-14	
177	5.057400e-07	-1.84335e-12	-5.64306e-12	3.333307e-14	
178	5.060600e-07	-1.84335e-12	-5.64306e-12	3.333307e-14	
179	5.065000e-07	-1.84335e-12	-5.64308e-12	3.333307e-14	
180	5.065640e-07	-1.84335e-12	-5.64307e-12	3.333307e-14	
181	5.066920e-07	-1.84335e-12	-5.64305e-12	3.333307e-14	
182	5.069480e-07	-1.84335e-12	-5.64307e-12	3.333307e-14	
183	5.074600e-07	-1.84335e-12	-5.64309e-12	3.333307e-14	
184	5.084840e-07	-1.84335e-12	-5.64310e-12	3.333307e-14	
185	5.105320e-07	-1.84335e-12	-5.64313e-12	3.333307e-14	
186	5.146280e-07	-1.84335e-12	-5.64310e-12	3.333307e-14	
187	5.228200e-07	-1.84335e-12	-5.64315e-12	3.333307e-14	
188	5.392040e-07	-1.84335e-12	-5.64304e-12	3.333307e-14	
189	5.592040e-07	-1.84335e-12	-5.64311e-12	3.333307e-14	
190	5.792040e-07	-1.84335e-12	-5.64308e-12	3.333307e-14	
191	5.992040e-07	-1.84335e-12	-5.64308e-12	3.333307e-14	
192	6.192040e-07	-1.84335e-12	-5.64308e-12	3.333307e-14	
193	6.392040e-07	-1.84335e-12	-5.64308e-12	3.333307e-14	
194	6.592040e-07	-1.84335e-12	-5.64308e-12	3.333307e-14	
195	6.792040e-07	-1.84335e-12	-5.64308e-12	3.333307e-14	
196	6.992040e-07	-1.84335e-12	-5.64308e-12	3.333307e-14	
197	7.192040e-07	-1.84335e-12	-5.64308e-12	3.333307e-14	
198	7.392040e-07	-1.84335e-12	-5.64308e-12	3.333307e-14	
199	7.550000e-07	-1.84335e-12	-5.64308e-12	3.333307e-14	
200	7.555000e-07	-1.84335e-12	-5.64308e-12	3.333307e-14	
201	7.565000e-07	-1.84335e-12	-5.64308e-12	3.333307e-14	
202	7.585000e-07	-1.84335e-12	-5.64308e-12	3.333307e-14	
203	7.600000e-07	-1.84335e-12	-5.64304e-12	3.333307e-14	
204	7.604000e-07	-1.84335e-12	-5.64304e-12	3.333307e-14	
205	7.605000e-07	-1.84335e-12	-5.64306e-12	3.333307e-14	
206	7.605800e-07	-1.84335e-12	-5.64301e-12	3.333307e-14	
207	7.607400e-07	-1.84335e-12	-5.64311e-12	3.333307e-14	
208	7.610600e-07	-1.84335e-12	-5.64305e-12	3.333307e-14	
209	7.615000e-07	-1.84335e-12	-5.64312e-12	3.333307e-14	
210	7.615640e-07	-1.84335e-12	-5.64304e-12	3.333307e-14	
211	7.616920e-07	-1.84335e-12	-5.64307e-12	3.333307e-14	
212	7.619480e-07	-1.84335e-12	-5.64304e-12	3.333306e-14	
213	7.624600e-07	-1.84335e-12	-5.64310e-12	3.333308e-14	
214	7.634840e-07	-1.84335e-12	-5.64305e-12	3.333306e-14	
215	7.655320e-07	-1.84335e-12	-5.64313e-12	3.333308e-14	
216	7.696280e-07	-1.84335e-12	-5.64310e-12	3.333306e-14	
217	7.778200e-07	-1.84335e-12	-5.64315e-12	3.333308e-14	
218	7.942040e-07	-1.84335e-12	-5.64304e-12	3.333306e-14	
219	8.142040e-07	-1.84335e-12	-5.64311e-12	3.333308e-14	
220	8.342040e-07	-1.84335e-12	-5.64308e-12	3.333306e-14	
221	8.542040e-07	-1.84335e-12	-5.64308e-12	3.333308e-14	
222	8.742040e-07	-1.84335e-12	-5.64308e-12	3.333306e-14	
223	8.942040e-07	-1.84335e-12	-5.64308e-12	3.333308e-14	
224	9.142040e-07	-1.84335e-12	-5.64308e-12	3.333306e-14	
225	9.342040e-07	-1.84335e-12	-5.64308e-12	3.333308e-14	
226	9.542040e-07	-1.84335e-12	-5.64308e-12	3.333306e-14	
227	9.742040e-07	-1.84335e-12	-5.64308e-12	3.333308e-14	
228	9.942040e-07	-1.84335e-12	-5.64308e-12	3.333306e-14	

Index   time            v7#branch       v8#branch       v9#branch       
--------------------------------------------------------------------------------
229	1.000000e-06	-1.84335e-12	-5.64315e-12	3.333308e-14	

       * /home/tiw.rahul45/esim-workspace/logicwithsram/logicwithsram.cir
       Transient Analysis  Sun Oct  9 02:18:41  2022
--------------------------------------------------------------------------------
Index   time            v10#branch      v11#branch      v12#branch      
--------------------------------------------------------------------------------
0	0.000000e+00	0.000000e+00	0.000000e+00	1.956366e-12	
1	5.000000e-11	2.802230e-06	0.000000e+00	-8.90065e-08	
2	1.000000e-10	2.930236e-06	0.000000e+00	-8.92115e-08	
3	2.000000e-10	2.994980e-06	0.000000e+00	-8.99142e-08	
4	4.000000e-10	2.996586e-06	0.000000e+00	-9.06624e-08	
5	8.000000e-10	3.063875e-06	0.000000e+00	-9.30008e-08	
6	1.600000e-09	3.091564e-06	0.000000e+00	-9.77982e-08	
7	2.443205e-09	3.205697e-06	0.000000e+00	-1.06304e-07	
8	2.895561e-09	3.381041e-06	0.000000e+00	-1.15683e-07	
9	3.384990e-09	3.583125e-06	0.000000e+00	-1.85639e-07	
10	3.676953e-09	3.636722e-06	0.000000e+00	-6.58051e-07	
11	3.902786e-09	3.593635e-06	0.000000e+00	-1.60028e-06	
12	4.081664e-09	3.978107e-06	0.000000e+00	-2.71174e-06	
13	4.237185e-09	4.764819e-06	0.000000e+00	-4.55288e-06	
14	4.412265e-09	6.795926e-06	0.000000e+00	-7.69610e-06	
15	4.443205e-09	7.050709e-06	0.000000e+00	-8.37353e-06	
16	4.461318e-09	7.224866e-06	0.000000e+00	-8.78061e-06	
17	4.497544e-09	7.111664e-06	0.000000e+00	-9.64960e-06	
18	4.569995e-09	6.537859e-06	0.000000e+00	-1.14999e-05	
19	4.673734e-09	6.360413e-06	0.000000e+00	-1.44870e-05	
20	4.781313e-09	5.455663e-06	0.000000e+00	-1.79450e-05	
21	4.903207e-09	3.321558e-06	0.000000e+00	-2.23241e-05	
22	5.000000e-09	3.360991e-06	0.000000e+00	-2.60967e-05	
23	5.015719e-09	9.771916e-07	0.000000e+00	-2.34960e-05	
24	5.047158e-09	1.015368e-06	0.000000e+00	-2.34782e-05	
25	5.110035e-09	1.112093e-06	0.000000e+00	-2.34392e-05	
26	5.235790e-09	9.860435e-07	0.000000e+00	-2.33451e-05	
27	5.398564e-09	8.970942e-07	0.000000e+00	-2.31825e-05	
28	5.443205e-09	8.524062e-07	0.000000e+00	-2.31253e-05	
29	5.464809e-09	8.548060e-07	0.000000e+00	-2.30927e-05	
30	5.508016e-09	8.316037e-07	0.000000e+00	-2.30222e-05	
31	5.594430e-09	7.819392e-07	0.000000e+00	-2.28231e-05	
32	5.707897e-09	8.030415e-07	0.000000e+00	-2.22696e-05	
33	5.817265e-09	9.223934e-07	0.000000e+00	-2.08109e-05	
34	5.941257e-09	4.880535e-07	0.000000e+00	-1.79531e-05	
35	5.995421e-09	5.206769e-07	0.000000e+00	-1.62274e-05	
36	6.050649e-09	2.670039e-08	0.000000e+00	-1.52213e-05	
37	6.117953e-09	5.718442e-07	0.000000e+00	-1.47762e-05	
38	6.192209e-09	1.295984e-07	0.000000e+00	-1.31312e-05	
39	6.266490e-09	6.180537e-07	0.000000e+00	-1.18178e-05	
40	6.342750e-09	2.048642e-08	0.000000e+00	-9.58892e-06	
41	6.418532e-09	5.235542e-07	0.000000e+00	-8.60135e-06	
42	6.549450e-09	-5.82067e-08	0.000000e+00	-5.86939e-06	
43	6.686428e-09	4.237109e-07	0.000000e+00	-4.43924e-06	
44	6.883433e-09	-1.59009e-07	0.000000e+00	-2.13297e-06	
45	7.126137e-09	3.366194e-07	0.000000e+00	-1.36152e-06	
46	7.611544e-09	-2.26223e-07	0.000000e+00	1.597601e-08	
47	8.190404e-09	2.951658e-07	0.000000e+00	-2.92312e-07	
48	8.266490e-09	-2.38043e-07	0.000000e+00	1.728508e-07	
49	8.359530e-09	2.748199e-08	0.000000e+00	-5.53130e-08	
50	8.545610e-09	2.563064e-08	0.000000e+00	-5.00028e-08	
51	8.917769e-09	2.292269e-08	0.000000e+00	-4.27594e-08	
52	9.266490e-09	2.057157e-08	0.000000e+00	-3.79605e-08	
53	9.340922e-09	2.024107e-08	0.000000e+00	-3.71724e-08	
54	9.489786e-09	1.943014e-08	0.000000e+00	-3.55809e-08	

Index   time            v10#branch      v11#branch      v12#branch      
--------------------------------------------------------------------------------
55	9.787513e-09	1.800448e-08	0.000000e+00	-3.27603e-08	
56	1.038297e-08	1.560673e-08	0.000000e+00	-2.82074e-08	
57	1.157388e-08	1.219925e-08	0.000000e+00	-2.18299e-08	
58	1.395570e-08	8.220439e-09	0.000000e+00	-1.46187e-08	
59	1.871934e-08	4.689599e-09	0.000000e+00	-8.33407e-09	
60	2.824663e-08	2.279120e-09	0.000000e+00	-4.11270e-09	
61	4.730120e-08	1.009203e-09	0.000000e+00	-1.84900e-09	
62	6.730120e-08	6.100420e-10	0.000000e+00	-1.14168e-09	
63	8.730120e-08	4.283700e-10	0.000000e+00	-8.04293e-10	
64	1.050000e-07	3.309330e-10	0.000000e+00	-6.33582e-10	
65	1.051948e-07	6.523623e-08	0.000000e+00	1.848085e-06	
66	1.055844e-07	5.432745e-08	0.000000e+00	2.377380e-06	
67	1.061580e-07	9.745703e-09	0.000000e+00	2.367756e-06	
68	1.067393e-07	-1.12864e-08	0.000000e+00	2.035499e-06	
69	1.073362e-07	-7.24827e-09	0.000000e+00	1.285988e-06	
70	1.080352e-07	3.260697e-09	0.000000e+00	2.639604e-07	
71	1.086839e-07	3.823306e-09	0.000000e+00	1.412671e-07	
72	1.094686e-07	4.290186e-09	0.000000e+00	-1.84579e-08	
73	1.100000e-07	-3.01987e-09	0.000000e+00	8.340595e-08	
74	1.100973e-07	3.126714e-09	0.000000e+00	-2.84039e-11	
75	1.102920e-07	-1.22080e-09	0.000000e+00	2.990233e-11	
76	1.106814e-07	1.345212e-09	0.000000e+00	-2.92191e-11	
77	1.114601e-07	-6.60649e-10	0.000000e+00	3.007821e-11	
78	1.130175e-07	1.172987e-09	0.000000e+00	-2.92814e-11	
79	1.161323e-07	-5.97019e-10	0.000000e+00	3.007930e-11	
80	1.223620e-07	1.107428e-09	0.000000e+00	-2.93325e-11	
81	1.348214e-07	-6.28494e-10	0.000000e+00	3.001423e-11	
82	1.548214e-07	1.029697e-09	0.000000e+00	-2.94319e-11	
83	1.748214e-07	-6.86715e-10	0.000000e+00	2.992381e-11	
84	1.948214e-07	9.745649e-10	0.000000e+00	-2.95025e-11	
85	1.950000e-07	-4.39512e-10	0.000000e+00	2.994644e-11	
86	1.952756e-07	1.101049e-10	0.000000e+00	1.096448e-07	
87	1.958269e-07	1.546169e-10	0.000000e+00	9.450471e-08	
88	1.967616e-07	1.150001e-10	0.000000e+00	8.853645e-08	
89	1.986309e-07	1.490266e-10	0.000000e+00	6.777588e-08	
90	2.000000e-07	1.142439e-10	0.000000e+00	6.809614e-08	
91	2.003739e-07	1.291852e-10	0.000000e+00	2.564744e-12	
92	2.011216e-07	1.302802e-10	0.000000e+00	1.734404e-12	
93	2.026171e-07	1.274703e-10	0.000000e+00	2.561973e-12	
94	2.056081e-07	1.264508e-10	0.000000e+00	1.728974e-12	
95	2.115900e-07	1.203318e-10	0.000000e+00	2.551552e-12	
96	2.235538e-07	1.131885e-10	0.000000e+00	1.709751e-12	
97	2.435538e-07	9.969657e-11	0.000000e+00	2.521557e-12	
98	2.550000e-07	9.519422e-11	0.000000e+00	1.683587e-12	
99	2.555000e-07	9.428901e-11	0.000000e+00	2.097916e-12	
100	2.565000e-07	9.372476e-11	0.000000e+00	2.097201e-12	
101	2.585000e-07	9.283906e-11	0.000000e+00	2.095813e-12	
102	2.600000e-07	9.206422e-11	0.000000e+00	2.094778e-12	
103	2.604000e-07	9.191500e-11	0.000000e+00	2.094515e-12	
104	2.605000e-07	9.185721e-11	0.000000e+00	2.094433e-12	
105	2.605800e-07	9.182774e-11	0.000000e+00	2.094388e-12	
106	2.607400e-07	9.175060e-11	0.000000e+00	2.094276e-12	
107	2.610600e-07	9.160466e-11	0.000000e+00	2.094063e-12	
108	2.615000e-07	9.139835e-11	0.000000e+00	2.093763e-12	
109	2.615640e-07	9.137118e-11	0.000000e+00	2.093723e-12	
110	2.616920e-07	9.131004e-11	0.000000e+00	2.093634e-12	
111	2.619480e-07	9.119422e-11	0.000000e+00	2.093465e-12	
112	2.624600e-07	9.095712e-11	0.000000e+00	2.093120e-12	

Index   time            v10#branch      v11#branch      v12#branch      
--------------------------------------------------------------------------------
113	2.634840e-07	9.049236e-11	0.000000e+00	2.092443e-12	
114	2.655320e-07	8.956914e-11	0.000000e+00	2.091099e-12	
115	2.696280e-07	8.777771e-11	0.000000e+00	2.088489e-12	
116	2.778200e-07	8.437221e-11	0.000000e+00	2.083527e-12	
117	2.942040e-07	7.822225e-11	0.000000e+00	2.074559e-12	
118	3.142040e-07	7.173140e-11	0.000000e+00	2.065082e-12	
119	3.342040e-07	6.613996e-11	0.000000e+00	2.056910e-12	
120	3.542040e-07	6.128236e-11	0.000000e+00	2.049803e-12	
121	3.742040e-07	5.702532e-11	0.000000e+00	2.043569e-12	
122	3.942040e-07	5.327076e-11	0.000000e+00	2.038065e-12	
123	4.142040e-07	4.993488e-11	0.000000e+00	2.033171e-12	
124	4.342040e-07	4.695679e-11	0.000000e+00	2.028797e-12	
125	4.542040e-07	4.428094e-11	0.000000e+00	2.024865e-12	
126	4.550000e-07	4.418529e-11	0.000000e+00	2.024723e-12	
127	4.550578e-07	-1.79822e-06	0.000000e+00	-1.65133e-10	
128	4.551735e-07	-1.76013e-06	0.000000e+00	-1.70746e-10	
129	4.554048e-07	-1.73173e-06	0.000000e+00	-1.90812e-10	
130	4.558675e-07	-1.74343e-06	0.000000e+00	-2.68935e-10	
131	4.566738e-07	-2.49441e-06	0.000000e+00	-3.32588e-10	
132	4.572203e-07	-2.69199e-06	0.000000e+00	2.790963e-09	
133	4.575905e-07	-2.69915e-06	0.000000e+00	7.218852e-10	
134	4.579996e-07	-3.00216e-06	0.000000e+00	-6.06551e-11	
135	4.583558e-07	-3.14175e-06	0.000000e+00	7.580833e-11	
136	4.585371e-07	-8.78517e-06	0.000000e+00	-7.14243e-11	
137	4.587021e-07	-1.63767e-05	0.000000e+00	7.634832e-11	
138	4.588787e-07	-1.21753e-05	0.000000e+00	-7.26516e-11	
139	4.590674e-07	-1.20832e-05	0.000000e+00	7.699042e-11	
140	4.592443e-07	-7.61098e-06	0.000000e+00	-7.31774e-11	
141	4.594674e-07	-8.55906e-06	0.000000e+00	7.735376e-11	
142	4.596170e-07	-5.49434e-06	0.000000e+00	-7.36576e-11	
143	4.597735e-07	-7.25460e-06	0.000000e+00	7.786554e-11	
144	4.598991e-07	-3.94088e-06	0.000000e+00	-7.41641e-11	
145	4.600000e-07	-7.42409e-06	0.000000e+00	7.827546e-11	
146	4.600133e-07	-2.44686e-06	0.000000e+00	8.696640e-13	
147	4.600400e-07	-2.04233e-06	0.000000e+00	2.837247e-12	
148	4.600933e-07	-1.81832e-06	0.000000e+00	1.164649e-12	
149	4.601999e-07	-1.33111e-06	0.000000e+00	2.785661e-12	
150	4.604131e-07	-8.53394e-07	0.000000e+00	1.156317e-12	
151	4.607528e-07	-3.44127e-07	0.000000e+00	2.770217e-12	
152	4.611259e-07	-1.32277e-07	0.000000e+00	1.150734e-12	
153	4.615958e-07	-2.76297e-09	0.000000e+00	2.763372e-12	
154	4.616170e-07	-2.68508e-08	0.000000e+00	1.158402e-12	
155	4.616596e-07	-1.59524e-08	0.000000e+00	1.956664e-12	
156	4.617446e-07	-1.20666e-08	0.000000e+00	1.956492e-12	
157	4.619148e-07	-7.05567e-09	0.000000e+00	1.956574e-12	
158	4.622551e-07	-2.12260e-09	0.000000e+00	1.956303e-12	
159	4.626170e-07	-6.61694e-10	0.000000e+00	1.956480e-12	
160	4.626851e-07	-5.25038e-10	0.000000e+00	1.956368e-12	
161	4.628212e-07	-3.42985e-10	0.000000e+00	1.956376e-12	
162	4.630935e-07	-1.51310e-10	0.000000e+00	1.956365e-12	
163	4.636380e-07	-1.59243e-11	0.000000e+00	1.956370e-12	
164	4.647270e-07	6.710428e-13	0.000000e+00	1.956363e-12	
165	4.669051e-07	8.821794e-13	0.000000e+00	1.956370e-12	
166	4.712613e-07	-1.30913e-12	0.000000e+00	1.956363e-12	
167	4.799736e-07	1.470935e-12	0.000000e+00	1.956370e-12	
168	4.973983e-07	-1.54091e-12	0.000000e+00	1.956363e-12	
169	5.000000e-07	1.888970e-12	0.000000e+00	1.956370e-12	
170	5.005000e-07	-1.65131e-13	0.000000e+00	1.956366e-12	

Index   time            v10#branch      v11#branch      v12#branch      
--------------------------------------------------------------------------------
171	5.015000e-07	-9.30665e-15	0.000000e+00	1.956366e-12	
172	5.035000e-07	2.788586e-14	0.000000e+00	1.956366e-12	
173	5.050000e-07	-4.05566e-14	0.000000e+00	1.956366e-12	
174	5.054000e-07	3.324229e-15	0.000000e+00	1.956366e-12	
175	5.055000e-07	3.524741e-15	0.000000e+00	1.956366e-12	
176	5.055800e-07	2.440400e-15	0.000000e+00	1.956366e-12	
177	5.057400e-07	1.327174e-15	0.000000e+00	1.956366e-12	
178	5.060600e-07	4.837701e-16	0.000000e+00	1.956366e-12	
179	5.065000e-07	2.839668e-17	0.000000e+00	1.956366e-12	
180	5.065640e-07	6.154737e-17	0.000000e+00	1.956366e-12	
181	5.066920e-07	4.981135e-17	0.000000e+00	1.956366e-12	
182	5.069480e-07	1.703399e-17	0.000000e+00	1.956366e-12	
183	5.074600e-07	6.979904e-18	0.000000e+00	1.956366e-12	
184	5.084840e-07	-4.02527e-18	0.000000e+00	1.956366e-12	
185	5.105320e-07	3.713114e-18	0.000000e+00	1.956366e-12	
186	5.146280e-07	-3.61761e-18	0.000000e+00	1.956366e-12	
187	5.228200e-07	3.580185e-18	0.000000e+00	1.956366e-12	
188	5.392040e-07	-3.56035e-18	0.000000e+00	1.956366e-12	
189	5.592040e-07	3.545510e-18	0.000000e+00	1.956366e-12	
190	5.792040e-07	-3.53166e-18	0.000000e+00	1.956366e-12	
191	5.992040e-07	3.518296e-18	0.000000e+00	1.956366e-12	
192	6.192040e-07	-3.50637e-18	0.000000e+00	1.956366e-12	
193	6.392040e-07	3.494320e-18	0.000000e+00	1.956366e-12	
194	6.592040e-07	-3.48211e-18	0.000000e+00	1.956366e-12	
195	6.792040e-07	3.471869e-18	0.000000e+00	1.956366e-12	
196	6.992040e-07	-3.46053e-18	0.000000e+00	1.956366e-12	
197	7.192040e-07	3.449994e-18	0.000000e+00	1.956366e-12	
198	7.392040e-07	-3.43846e-18	0.000000e+00	1.956366e-12	
199	7.550000e-07	3.425714e-18	0.000000e+00	1.956366e-12	
200	7.555000e-07	7.814970e-20	0.000000e+00	1.956366e-12	
201	7.565000e-07	-7.38903e-20	0.000000e+00	1.956366e-12	
202	7.585000e-07	5.721006e-20	0.000000e+00	1.956366e-12	
203	7.600000e-07	-5.49043e-20	0.000000e+00	1.956366e-12	
204	7.604000e-07	8.637788e-21	0.000000e+00	1.956366e-12	
205	7.605000e-07	-1.98066e-19	0.000000e+00	1.956366e-12	
206	7.605800e-07	7.016960e-20	0.000000e+00	1.956366e-12	
207	7.607400e-07	-1.55375e-20	0.000000e+00	1.956366e-12	
208	7.610600e-07	3.876869e-20	0.000000e+00	1.956366e-12	
209	7.615000e-07	6.292630e-20	0.000000e+00	1.956366e-12	
210	7.615640e-07	2.420558e-20	0.000000e+00	1.956366e-12	
211	7.616920e-07	-3.37975e-20	0.000000e+00	1.956366e-12	
212	7.619480e-07	-8.35264e-21	0.000000e+00	1.956366e-12	
213	7.624600e-07	-8.25011e-21	0.000000e+00	1.956366e-12	
214	7.634840e-07	-4.88834e-20	0.000000e+00	1.956366e-12	
215	7.655320e-07	4.793358e-20	0.000000e+00	1.956366e-12	
216	7.696280e-07	-4.91601e-20	0.000000e+00	1.956366e-12	
217	7.778200e-07	5.109790e-20	0.000000e+00	1.956366e-12	
218	7.942040e-07	-4.96789e-20	0.000000e+00	1.956366e-12	
219	8.142040e-07	5.110495e-20	0.000000e+00	1.956366e-12	
220	8.342040e-07	-5.03979e-20	0.000000e+00	1.956366e-12	
221	8.542040e-07	5.193259e-20	0.000000e+00	1.956366e-12	
222	8.742040e-07	-5.12285e-20	0.000000e+00	1.956366e-12	
223	8.942040e-07	5.233424e-20	0.000000e+00	1.956366e-12	
224	9.142040e-07	-5.16214e-20	0.000000e+00	1.956366e-12	
225	9.342040e-07	5.273350e-20	0.000000e+00	1.956366e-12	
226	9.542040e-07	-5.20285e-20	0.000000e+00	1.956366e-12	
227	9.742040e-07	5.356841e-20	0.000000e+00	1.956366e-12	
228	9.942040e-07	-5.28578e-20	0.000000e+00	1.956366e-12	

Index   time            v10#branch      v11#branch      v12#branch      
--------------------------------------------------------------------------------
229	1.000000e-06	5.504293e-20	0.000000e+00	1.956366e-12	
